data;
param V := 196;
param E := 
0 15 1
0 30 1
0 45 1
0 60 1
0 75 1
0 90 1
0 105 1
0 120 1
0 135 1
0 150 1
0 165 1
0 180 1
0 195 1
0 1 1
0 2 1
0 3 1
0 4 1
0 5 1
0 6 1
0 7 1
0 8 1
0 9 1
0 10 1
0 11 1
0 12 1
0 13 1
0 14 1
0 28 1
0 42 1
0 56 1
0 70 1
0 84 1
0 98 1
0 112 1
0 126 1
0 140 1
0 154 1
0 168 1
0 182 1
1 16 1
1 31 1
1 46 1
1 61 1
1 76 1
1 91 1
1 106 1
1 121 1
1 136 1
1 151 1
1 166 1
1 181 1
1 14 1
1 2 1
1 3 1
1 4 1
1 5 1
1 6 1
1 7 1
1 8 1
1 9 1
1 10 1
1 11 1
1 12 1
1 13 1
1 15 1
1 29 1
1 43 1
1 57 1
1 71 1
1 85 1
1 99 1
1 113 1
1 127 1
1 141 1
1 155 1
1 169 1
1 183 1
1 0 1
2 17 1
2 32 1
2 47 1
2 62 1
2 77 1
2 92 1
2 107 1
2 122 1
2 137 1
2 152 1
2 167 1
2 15 1
2 28 1
2 3 1
2 4 1
2 5 1
2 6 1
2 7 1
2 8 1
2 9 1
2 10 1
2 11 1
2 12 1
2 13 1
2 16 1
2 30 1
2 44 1
2 58 1
2 72 1
2 86 1
2 100 1
2 114 1
2 128 1
2 142 1
2 156 1
2 170 1
2 184 1
2 1 1
2 0 1
3 18 1
3 33 1
3 48 1
3 63 1
3 78 1
3 93 1
3 108 1
3 123 1
3 138 1
3 153 1
3 16 1
3 29 1
3 42 1
3 4 1
3 5 1
3 6 1
3 7 1
3 8 1
3 9 1
3 10 1
3 11 1
3 12 1
3 13 1
3 17 1
3 31 1
3 45 1
3 59 1
3 73 1
3 87 1
3 101 1
3 115 1
3 129 1
3 143 1
3 157 1
3 171 1
3 185 1
3 2 1
3 1 1
3 0 1
4 19 1
4 34 1
4 49 1
4 64 1
4 79 1
4 94 1
4 109 1
4 124 1
4 139 1
4 17 1
4 30 1
4 43 1
4 56 1
4 5 1
4 6 1
4 7 1
4 8 1
4 9 1
4 10 1
4 11 1
4 12 1
4 13 1
4 18 1
4 32 1
4 46 1
4 60 1
4 74 1
4 88 1
4 102 1
4 116 1
4 130 1
4 144 1
4 158 1
4 172 1
4 186 1
4 3 1
4 2 1
4 1 1
4 0 1
5 20 1
5 35 1
5 50 1
5 65 1
5 80 1
5 95 1
5 110 1
5 125 1
5 18 1
5 31 1
5 44 1
5 57 1
5 70 1
5 6 1
5 7 1
5 8 1
5 9 1
5 10 1
5 11 1
5 12 1
5 13 1
5 19 1
5 33 1
5 47 1
5 61 1
5 75 1
5 89 1
5 103 1
5 117 1
5 131 1
5 145 1
5 159 1
5 173 1
5 187 1
5 4 1
5 3 1
5 2 1
5 1 1
5 0 1
6 21 1
6 36 1
6 51 1
6 66 1
6 81 1
6 96 1
6 111 1
6 19 1
6 32 1
6 45 1
6 58 1
6 71 1
6 84 1
6 7 1
6 8 1
6 9 1
6 10 1
6 11 1
6 12 1
6 13 1
6 20 1
6 34 1
6 48 1
6 62 1
6 76 1
6 90 1
6 104 1
6 118 1
6 132 1
6 146 1
6 160 1
6 174 1
6 188 1
6 5 1
6 4 1
6 3 1
6 2 1
6 1 1
6 0 1
7 22 1
7 37 1
7 52 1
7 67 1
7 82 1
7 97 1
7 20 1
7 33 1
7 46 1
7 59 1
7 72 1
7 85 1
7 98 1
7 8 1
7 9 1
7 10 1
7 11 1
7 12 1
7 13 1
7 21 1
7 35 1
7 49 1
7 63 1
7 77 1
7 91 1
7 105 1
7 119 1
7 133 1
7 147 1
7 161 1
7 175 1
7 189 1
7 6 1
7 5 1
7 4 1
7 3 1
7 2 1
7 1 1
7 0 1
8 23 1
8 38 1
8 53 1
8 68 1
8 83 1
8 21 1
8 34 1
8 47 1
8 60 1
8 73 1
8 86 1
8 99 1
8 112 1
8 9 1
8 10 1
8 11 1
8 12 1
8 13 1
8 22 1
8 36 1
8 50 1
8 64 1
8 78 1
8 92 1
8 106 1
8 120 1
8 134 1
8 148 1
8 162 1
8 176 1
8 190 1
8 7 1
8 6 1
8 5 1
8 4 1
8 3 1
8 2 1
8 1 1
8 0 1
9 24 1
9 39 1
9 54 1
9 69 1
9 22 1
9 35 1
9 48 1
9 61 1
9 74 1
9 87 1
9 100 1
9 113 1
9 126 1
9 10 1
9 11 1
9 12 1
9 13 1
9 23 1
9 37 1
9 51 1
9 65 1
9 79 1
9 93 1
9 107 1
9 121 1
9 135 1
9 149 1
9 163 1
9 177 1
9 191 1
9 8 1
9 7 1
9 6 1
9 5 1
9 4 1
9 3 1
9 2 1
9 1 1
9 0 1
10 25 1
10 40 1
10 55 1
10 23 1
10 36 1
10 49 1
10 62 1
10 75 1
10 88 1
10 101 1
10 114 1
10 127 1
10 140 1
10 11 1
10 12 1
10 13 1
10 24 1
10 38 1
10 52 1
10 66 1
10 80 1
10 94 1
10 108 1
10 122 1
10 136 1
10 150 1
10 164 1
10 178 1
10 192 1
10 9 1
10 8 1
10 7 1
10 6 1
10 5 1
10 4 1
10 3 1
10 2 1
10 1 1
10 0 1
11 26 1
11 41 1
11 24 1
11 37 1
11 50 1
11 63 1
11 76 1
11 89 1
11 102 1
11 115 1
11 128 1
11 141 1
11 154 1
11 12 1
11 13 1
11 25 1
11 39 1
11 53 1
11 67 1
11 81 1
11 95 1
11 109 1
11 123 1
11 137 1
11 151 1
11 165 1
11 179 1
11 193 1
11 10 1
11 9 1
11 8 1
11 7 1
11 6 1
11 5 1
11 4 1
11 3 1
11 2 1
11 1 1
11 0 1
12 27 1
12 25 1
12 38 1
12 51 1
12 64 1
12 77 1
12 90 1
12 103 1
12 116 1
12 129 1
12 142 1
12 155 1
12 168 1
12 13 1
12 26 1
12 40 1
12 54 1
12 68 1
12 82 1
12 96 1
12 110 1
12 124 1
12 138 1
12 152 1
12 166 1
12 180 1
12 194 1
12 11 1
12 10 1
12 9 1
12 8 1
12 7 1
12 6 1
12 5 1
12 4 1
12 3 1
12 2 1
12 1 1
12 0 1
13 26 1
13 39 1
13 52 1
13 65 1
13 78 1
13 91 1
13 104 1
13 117 1
13 130 1
13 143 1
13 156 1
13 169 1
13 182 1
13 27 1
13 41 1
13 55 1
13 69 1
13 83 1
13 97 1
13 111 1
13 125 1
13 139 1
13 153 1
13 167 1
13 181 1
13 195 1
13 12 1
13 11 1
13 10 1
13 9 1
13 8 1
13 7 1
13 6 1
13 5 1
13 4 1
13 3 1
13 2 1
13 1 1
13 0 1
14 29 1
14 44 1
14 59 1
14 74 1
14 89 1
14 104 1
14 119 1
14 134 1
14 149 1
14 164 1
14 179 1
14 194 1
14 15 1
14 16 1
14 17 1
14 18 1
14 19 1
14 20 1
14 21 1
14 22 1
14 23 1
14 24 1
14 25 1
14 26 1
14 27 1
14 28 1
14 42 1
14 56 1
14 70 1
14 84 1
14 98 1
14 112 1
14 126 1
14 140 1
14 154 1
14 168 1
14 182 1
14 1 1
14 0 1
15 30 1
15 45 1
15 60 1
15 75 1
15 90 1
15 105 1
15 120 1
15 135 1
15 150 1
15 165 1
15 180 1
15 195 1
15 28 1
15 16 1
15 17 1
15 18 1
15 19 1
15 20 1
15 21 1
15 22 1
15 23 1
15 24 1
15 25 1
15 26 1
15 27 1
15 29 1
15 43 1
15 57 1
15 71 1
15 85 1
15 99 1
15 113 1
15 127 1
15 141 1
15 155 1
15 169 1
15 183 1
15 14 1
15 2 1
15 1 1
15 0 1
16 31 1
16 46 1
16 61 1
16 76 1
16 91 1
16 106 1
16 121 1
16 136 1
16 151 1
16 166 1
16 181 1
16 29 1
16 42 1
16 17 1
16 18 1
16 19 1
16 20 1
16 21 1
16 22 1
16 23 1
16 24 1
16 25 1
16 26 1
16 27 1
16 30 1
16 44 1
16 58 1
16 72 1
16 86 1
16 100 1
16 114 1
16 128 1
16 142 1
16 156 1
16 170 1
16 184 1
16 15 1
16 14 1
16 3 1
16 2 1
16 1 1
17 32 1
17 47 1
17 62 1
17 77 1
17 92 1
17 107 1
17 122 1
17 137 1
17 152 1
17 167 1
17 30 1
17 43 1
17 56 1
17 18 1
17 19 1
17 20 1
17 21 1
17 22 1
17 23 1
17 24 1
17 25 1
17 26 1
17 27 1
17 31 1
17 45 1
17 59 1
17 73 1
17 87 1
17 101 1
17 115 1
17 129 1
17 143 1
17 157 1
17 171 1
17 185 1
17 16 1
17 15 1
17 14 1
17 4 1
17 3 1
17 2 1
18 33 1
18 48 1
18 63 1
18 78 1
18 93 1
18 108 1
18 123 1
18 138 1
18 153 1
18 31 1
18 44 1
18 57 1
18 70 1
18 19 1
18 20 1
18 21 1
18 22 1
18 23 1
18 24 1
18 25 1
18 26 1
18 27 1
18 32 1
18 46 1
18 60 1
18 74 1
18 88 1
18 102 1
18 116 1
18 130 1
18 144 1
18 158 1
18 172 1
18 186 1
18 17 1
18 16 1
18 15 1
18 14 1
18 5 1
18 4 1
18 3 1
19 34 1
19 49 1
19 64 1
19 79 1
19 94 1
19 109 1
19 124 1
19 139 1
19 32 1
19 45 1
19 58 1
19 71 1
19 84 1
19 20 1
19 21 1
19 22 1
19 23 1
19 24 1
19 25 1
19 26 1
19 27 1
19 33 1
19 47 1
19 61 1
19 75 1
19 89 1
19 103 1
19 117 1
19 131 1
19 145 1
19 159 1
19 173 1
19 187 1
19 18 1
19 17 1
19 16 1
19 15 1
19 14 1
19 6 1
19 5 1
19 4 1
20 35 1
20 50 1
20 65 1
20 80 1
20 95 1
20 110 1
20 125 1
20 33 1
20 46 1
20 59 1
20 72 1
20 85 1
20 98 1
20 21 1
20 22 1
20 23 1
20 24 1
20 25 1
20 26 1
20 27 1
20 34 1
20 48 1
20 62 1
20 76 1
20 90 1
20 104 1
20 118 1
20 132 1
20 146 1
20 160 1
20 174 1
20 188 1
20 19 1
20 18 1
20 17 1
20 16 1
20 15 1
20 14 1
20 7 1
20 6 1
20 5 1
21 36 1
21 51 1
21 66 1
21 81 1
21 96 1
21 111 1
21 34 1
21 47 1
21 60 1
21 73 1
21 86 1
21 99 1
21 112 1
21 22 1
21 23 1
21 24 1
21 25 1
21 26 1
21 27 1
21 35 1
21 49 1
21 63 1
21 77 1
21 91 1
21 105 1
21 119 1
21 133 1
21 147 1
21 161 1
21 175 1
21 189 1
21 20 1
21 19 1
21 18 1
21 17 1
21 16 1
21 15 1
21 14 1
21 8 1
21 7 1
21 6 1
22 37 1
22 52 1
22 67 1
22 82 1
22 97 1
22 35 1
22 48 1
22 61 1
22 74 1
22 87 1
22 100 1
22 113 1
22 126 1
22 23 1
22 24 1
22 25 1
22 26 1
22 27 1
22 36 1
22 50 1
22 64 1
22 78 1
22 92 1
22 106 1
22 120 1
22 134 1
22 148 1
22 162 1
22 176 1
22 190 1
22 21 1
22 20 1
22 19 1
22 18 1
22 17 1
22 16 1
22 15 1
22 14 1
22 9 1
22 8 1
22 7 1
23 38 1
23 53 1
23 68 1
23 83 1
23 36 1
23 49 1
23 62 1
23 75 1
23 88 1
23 101 1
23 114 1
23 127 1
23 140 1
23 24 1
23 25 1
23 26 1
23 27 1
23 37 1
23 51 1
23 65 1
23 79 1
23 93 1
23 107 1
23 121 1
23 135 1
23 149 1
23 163 1
23 177 1
23 191 1
23 22 1
23 21 1
23 20 1
23 19 1
23 18 1
23 17 1
23 16 1
23 15 1
23 14 1
23 10 1
23 9 1
23 8 1
24 39 1
24 54 1
24 69 1
24 37 1
24 50 1
24 63 1
24 76 1
24 89 1
24 102 1
24 115 1
24 128 1
24 141 1
24 154 1
24 25 1
24 26 1
24 27 1
24 38 1
24 52 1
24 66 1
24 80 1
24 94 1
24 108 1
24 122 1
24 136 1
24 150 1
24 164 1
24 178 1
24 192 1
24 23 1
24 22 1
24 21 1
24 20 1
24 19 1
24 18 1
24 17 1
24 16 1
24 15 1
24 14 1
24 11 1
24 10 1
24 9 1
25 40 1
25 55 1
25 38 1
25 51 1
25 64 1
25 77 1
25 90 1
25 103 1
25 116 1
25 129 1
25 142 1
25 155 1
25 168 1
25 26 1
25 27 1
25 39 1
25 53 1
25 67 1
25 81 1
25 95 1
25 109 1
25 123 1
25 137 1
25 151 1
25 165 1
25 179 1
25 193 1
25 24 1
25 23 1
25 22 1
25 21 1
25 20 1
25 19 1
25 18 1
25 17 1
25 16 1
25 15 1
25 14 1
25 12 1
25 11 1
25 10 1
26 41 1
26 39 1
26 52 1
26 65 1
26 78 1
26 91 1
26 104 1
26 117 1
26 130 1
26 143 1
26 156 1
26 169 1
26 182 1
26 27 1
26 40 1
26 54 1
26 68 1
26 82 1
26 96 1
26 110 1
26 124 1
26 138 1
26 152 1
26 166 1
26 180 1
26 194 1
26 25 1
26 24 1
26 23 1
26 22 1
26 21 1
26 20 1
26 19 1
26 18 1
26 17 1
26 16 1
26 15 1
26 14 1
26 13 1
26 12 1
26 11 1
27 40 1
27 53 1
27 66 1
27 79 1
27 92 1
27 105 1
27 118 1
27 131 1
27 144 1
27 157 1
27 170 1
27 183 1
27 41 1
27 55 1
27 69 1
27 83 1
27 97 1
27 111 1
27 125 1
27 139 1
27 153 1
27 167 1
27 181 1
27 195 1
27 26 1
27 25 1
27 24 1
27 23 1
27 22 1
27 21 1
27 20 1
27 19 1
27 18 1
27 17 1
27 16 1
27 15 1
27 14 1
27 13 1
27 12 1
28 43 1
28 58 1
28 73 1
28 88 1
28 103 1
28 118 1
28 133 1
28 148 1
28 163 1
28 178 1
28 193 1
28 29 1
28 30 1
28 31 1
28 32 1
28 33 1
28 34 1
28 35 1
28 36 1
28 37 1
28 38 1
28 39 1
28 40 1
28 41 1
28 42 1
28 56 1
28 70 1
28 84 1
28 98 1
28 112 1
28 126 1
28 140 1
28 154 1
28 168 1
28 182 1
28 15 1
28 14 1
28 2 1
28 0 1
29 44 1
29 59 1
29 74 1
29 89 1
29 104 1
29 119 1
29 134 1
29 149 1
29 164 1
29 179 1
29 194 1
29 42 1
29 30 1
29 31 1
29 32 1
29 33 1
29 34 1
29 35 1
29 36 1
29 37 1
29 38 1
29 39 1
29 40 1
29 41 1
29 43 1
29 57 1
29 71 1
29 85 1
29 99 1
29 113 1
29 127 1
29 141 1
29 155 1
29 169 1
29 183 1
29 28 1
29 16 1
29 15 1
29 14 1
29 3 1
29 1 1
30 45 1
30 60 1
30 75 1
30 90 1
30 105 1
30 120 1
30 135 1
30 150 1
30 165 1
30 180 1
30 195 1
30 43 1
30 56 1
30 31 1
30 32 1
30 33 1
30 34 1
30 35 1
30 36 1
30 37 1
30 38 1
30 39 1
30 40 1
30 41 1
30 44 1
30 58 1
30 72 1
30 86 1
30 100 1
30 114 1
30 128 1
30 142 1
30 156 1
30 170 1
30 184 1
30 29 1
30 28 1
30 17 1
30 16 1
30 15 1
30 4 1
30 2 1
30 0 1
31 46 1
31 61 1
31 76 1
31 91 1
31 106 1
31 121 1
31 136 1
31 151 1
31 166 1
31 181 1
31 44 1
31 57 1
31 70 1
31 32 1
31 33 1
31 34 1
31 35 1
31 36 1
31 37 1
31 38 1
31 39 1
31 40 1
31 41 1
31 45 1
31 59 1
31 73 1
31 87 1
31 101 1
31 115 1
31 129 1
31 143 1
31 157 1
31 171 1
31 185 1
31 30 1
31 29 1
31 28 1
31 18 1
31 17 1
31 16 1
31 5 1
31 3 1
31 1 1
32 47 1
32 62 1
32 77 1
32 92 1
32 107 1
32 122 1
32 137 1
32 152 1
32 167 1
32 45 1
32 58 1
32 71 1
32 84 1
32 33 1
32 34 1
32 35 1
32 36 1
32 37 1
32 38 1
32 39 1
32 40 1
32 41 1
32 46 1
32 60 1
32 74 1
32 88 1
32 102 1
32 116 1
32 130 1
32 144 1
32 158 1
32 172 1
32 186 1
32 31 1
32 30 1
32 29 1
32 28 1
32 19 1
32 18 1
32 17 1
32 6 1
32 4 1
32 2 1
33 48 1
33 63 1
33 78 1
33 93 1
33 108 1
33 123 1
33 138 1
33 153 1
33 46 1
33 59 1
33 72 1
33 85 1
33 98 1
33 34 1
33 35 1
33 36 1
33 37 1
33 38 1
33 39 1
33 40 1
33 41 1
33 47 1
33 61 1
33 75 1
33 89 1
33 103 1
33 117 1
33 131 1
33 145 1
33 159 1
33 173 1
33 187 1
33 32 1
33 31 1
33 30 1
33 29 1
33 28 1
33 20 1
33 19 1
33 18 1
33 7 1
33 5 1
33 3 1
34 49 1
34 64 1
34 79 1
34 94 1
34 109 1
34 124 1
34 139 1
34 47 1
34 60 1
34 73 1
34 86 1
34 99 1
34 112 1
34 35 1
34 36 1
34 37 1
34 38 1
34 39 1
34 40 1
34 41 1
34 48 1
34 62 1
34 76 1
34 90 1
34 104 1
34 118 1
34 132 1
34 146 1
34 160 1
34 174 1
34 188 1
34 33 1
34 32 1
34 31 1
34 30 1
34 29 1
34 28 1
34 21 1
34 20 1
34 19 1
34 8 1
34 6 1
34 4 1
35 50 1
35 65 1
35 80 1
35 95 1
35 110 1
35 125 1
35 48 1
35 61 1
35 74 1
35 87 1
35 100 1
35 113 1
35 126 1
35 36 1
35 37 1
35 38 1
35 39 1
35 40 1
35 41 1
35 49 1
35 63 1
35 77 1
35 91 1
35 105 1
35 119 1
35 133 1
35 147 1
35 161 1
35 175 1
35 189 1
35 34 1
35 33 1
35 32 1
35 31 1
35 30 1
35 29 1
35 28 1
35 22 1
35 21 1
35 20 1
35 9 1
35 7 1
35 5 1
36 51 1
36 66 1
36 81 1
36 96 1
36 111 1
36 49 1
36 62 1
36 75 1
36 88 1
36 101 1
36 114 1
36 127 1
36 140 1
36 37 1
36 38 1
36 39 1
36 40 1
36 41 1
36 50 1
36 64 1
36 78 1
36 92 1
36 106 1
36 120 1
36 134 1
36 148 1
36 162 1
36 176 1
36 190 1
36 35 1
36 34 1
36 33 1
36 32 1
36 31 1
36 30 1
36 29 1
36 28 1
36 23 1
36 22 1
36 21 1
36 10 1
36 8 1
36 6 1
37 52 1
37 67 1
37 82 1
37 97 1
37 50 1
37 63 1
37 76 1
37 89 1
37 102 1
37 115 1
37 128 1
37 141 1
37 154 1
37 38 1
37 39 1
37 40 1
37 41 1
37 51 1
37 65 1
37 79 1
37 93 1
37 107 1
37 121 1
37 135 1
37 149 1
37 163 1
37 177 1
37 191 1
37 36 1
37 35 1
37 34 1
37 33 1
37 32 1
37 31 1
37 30 1
37 29 1
37 28 1
37 24 1
37 23 1
37 22 1
37 11 1
37 9 1
37 7 1
38 53 1
38 68 1
38 83 1
38 51 1
38 64 1
38 77 1
38 90 1
38 103 1
38 116 1
38 129 1
38 142 1
38 155 1
38 168 1
38 39 1
38 40 1
38 41 1
38 52 1
38 66 1
38 80 1
38 94 1
38 108 1
38 122 1
38 136 1
38 150 1
38 164 1
38 178 1
38 192 1
38 37 1
38 36 1
38 35 1
38 34 1
38 33 1
38 32 1
38 31 1
38 30 1
38 29 1
38 28 1
38 25 1
38 24 1
38 23 1
38 12 1
38 10 1
38 8 1
39 54 1
39 69 1
39 52 1
39 65 1
39 78 1
39 91 1
39 104 1
39 117 1
39 130 1
39 143 1
39 156 1
39 169 1
39 182 1
39 40 1
39 41 1
39 53 1
39 67 1
39 81 1
39 95 1
39 109 1
39 123 1
39 137 1
39 151 1
39 165 1
39 179 1
39 193 1
39 38 1
39 37 1
39 36 1
39 35 1
39 34 1
39 33 1
39 32 1
39 31 1
39 30 1
39 29 1
39 28 1
39 26 1
39 25 1
39 24 1
39 13 1
39 11 1
39 9 1
40 55 1
40 53 1
40 66 1
40 79 1
40 92 1
40 105 1
40 118 1
40 131 1
40 144 1
40 157 1
40 170 1
40 183 1
40 41 1
40 54 1
40 68 1
40 82 1
40 96 1
40 110 1
40 124 1
40 138 1
40 152 1
40 166 1
40 180 1
40 194 1
40 39 1
40 38 1
40 37 1
40 36 1
40 35 1
40 34 1
40 33 1
40 32 1
40 31 1
40 30 1
40 29 1
40 28 1
40 27 1
40 26 1
40 25 1
40 12 1
40 10 1
41 54 1
41 67 1
41 80 1
41 93 1
41 106 1
41 119 1
41 132 1
41 145 1
41 158 1
41 171 1
41 184 1
41 55 1
41 69 1
41 83 1
41 97 1
41 111 1
41 125 1
41 139 1
41 153 1
41 167 1
41 181 1
41 195 1
41 40 1
41 39 1
41 38 1
41 37 1
41 36 1
41 35 1
41 34 1
41 33 1
41 32 1
41 31 1
41 30 1
41 29 1
41 28 1
41 27 1
41 26 1
41 13 1
41 11 1
42 57 1
42 72 1
42 87 1
42 102 1
42 117 1
42 132 1
42 147 1
42 162 1
42 177 1
42 192 1
42 43 1
42 44 1
42 45 1
42 46 1
42 47 1
42 48 1
42 49 1
42 50 1
42 51 1
42 52 1
42 53 1
42 54 1
42 55 1
42 56 1
42 70 1
42 84 1
42 98 1
42 112 1
42 126 1
42 140 1
42 154 1
42 168 1
42 182 1
42 29 1
42 28 1
42 16 1
42 14 1
42 3 1
42 0 1
43 58 1
43 73 1
43 88 1
43 103 1
43 118 1
43 133 1
43 148 1
43 163 1
43 178 1
43 193 1
43 56 1
43 44 1
43 45 1
43 46 1
43 47 1
43 48 1
43 49 1
43 50 1
43 51 1
43 52 1
43 53 1
43 54 1
43 55 1
43 57 1
43 71 1
43 85 1
43 99 1
43 113 1
43 127 1
43 141 1
43 155 1
43 169 1
43 183 1
43 42 1
43 30 1
43 29 1
43 28 1
43 17 1
43 15 1
43 4 1
43 1 1
44 59 1
44 74 1
44 89 1
44 104 1
44 119 1
44 134 1
44 149 1
44 164 1
44 179 1
44 194 1
44 57 1
44 70 1
44 45 1
44 46 1
44 47 1
44 48 1
44 49 1
44 50 1
44 51 1
44 52 1
44 53 1
44 54 1
44 55 1
44 58 1
44 72 1
44 86 1
44 100 1
44 114 1
44 128 1
44 142 1
44 156 1
44 170 1
44 184 1
44 43 1
44 42 1
44 31 1
44 30 1
44 29 1
44 18 1
44 16 1
44 14 1
44 5 1
44 2 1
45 60 1
45 75 1
45 90 1
45 105 1
45 120 1
45 135 1
45 150 1
45 165 1
45 180 1
45 195 1
45 58 1
45 71 1
45 84 1
45 46 1
45 47 1
45 48 1
45 49 1
45 50 1
45 51 1
45 52 1
45 53 1
45 54 1
45 55 1
45 59 1
45 73 1
45 87 1
45 101 1
45 115 1
45 129 1
45 143 1
45 157 1
45 171 1
45 185 1
45 44 1
45 43 1
45 42 1
45 32 1
45 31 1
45 30 1
45 19 1
45 17 1
45 15 1
45 6 1
45 3 1
45 0 1
46 61 1
46 76 1
46 91 1
46 106 1
46 121 1
46 136 1
46 151 1
46 166 1
46 181 1
46 59 1
46 72 1
46 85 1
46 98 1
46 47 1
46 48 1
46 49 1
46 50 1
46 51 1
46 52 1
46 53 1
46 54 1
46 55 1
46 60 1
46 74 1
46 88 1
46 102 1
46 116 1
46 130 1
46 144 1
46 158 1
46 172 1
46 186 1
46 45 1
46 44 1
46 43 1
46 42 1
46 33 1
46 32 1
46 31 1
46 20 1
46 18 1
46 16 1
46 7 1
46 4 1
46 1 1
47 62 1
47 77 1
47 92 1
47 107 1
47 122 1
47 137 1
47 152 1
47 167 1
47 60 1
47 73 1
47 86 1
47 99 1
47 112 1
47 48 1
47 49 1
47 50 1
47 51 1
47 52 1
47 53 1
47 54 1
47 55 1
47 61 1
47 75 1
47 89 1
47 103 1
47 117 1
47 131 1
47 145 1
47 159 1
47 173 1
47 187 1
47 46 1
47 45 1
47 44 1
47 43 1
47 42 1
47 34 1
47 33 1
47 32 1
47 21 1
47 19 1
47 17 1
47 8 1
47 5 1
47 2 1
48 63 1
48 78 1
48 93 1
48 108 1
48 123 1
48 138 1
48 153 1
48 61 1
48 74 1
48 87 1
48 100 1
48 113 1
48 126 1
48 49 1
48 50 1
48 51 1
48 52 1
48 53 1
48 54 1
48 55 1
48 62 1
48 76 1
48 90 1
48 104 1
48 118 1
48 132 1
48 146 1
48 160 1
48 174 1
48 188 1
48 47 1
48 46 1
48 45 1
48 44 1
48 43 1
48 42 1
48 35 1
48 34 1
48 33 1
48 22 1
48 20 1
48 18 1
48 9 1
48 6 1
48 3 1
49 64 1
49 79 1
49 94 1
49 109 1
49 124 1
49 139 1
49 62 1
49 75 1
49 88 1
49 101 1
49 114 1
49 127 1
49 140 1
49 50 1
49 51 1
49 52 1
49 53 1
49 54 1
49 55 1
49 63 1
49 77 1
49 91 1
49 105 1
49 119 1
49 133 1
49 147 1
49 161 1
49 175 1
49 189 1
49 48 1
49 47 1
49 46 1
49 45 1
49 44 1
49 43 1
49 42 1
49 36 1
49 35 1
49 34 1
49 23 1
49 21 1
49 19 1
49 10 1
49 7 1
49 4 1
50 65 1
50 80 1
50 95 1
50 110 1
50 125 1
50 63 1
50 76 1
50 89 1
50 102 1
50 115 1
50 128 1
50 141 1
50 154 1
50 51 1
50 52 1
50 53 1
50 54 1
50 55 1
50 64 1
50 78 1
50 92 1
50 106 1
50 120 1
50 134 1
50 148 1
50 162 1
50 176 1
50 190 1
50 49 1
50 48 1
50 47 1
50 46 1
50 45 1
50 44 1
50 43 1
50 42 1
50 37 1
50 36 1
50 35 1
50 24 1
50 22 1
50 20 1
50 11 1
50 8 1
50 5 1
51 66 1
51 81 1
51 96 1
51 111 1
51 64 1
51 77 1
51 90 1
51 103 1
51 116 1
51 129 1
51 142 1
51 155 1
51 168 1
51 52 1
51 53 1
51 54 1
51 55 1
51 65 1
51 79 1
51 93 1
51 107 1
51 121 1
51 135 1
51 149 1
51 163 1
51 177 1
51 191 1
51 50 1
51 49 1
51 48 1
51 47 1
51 46 1
51 45 1
51 44 1
51 43 1
51 42 1
51 38 1
51 37 1
51 36 1
51 25 1
51 23 1
51 21 1
51 12 1
51 9 1
51 6 1
52 67 1
52 82 1
52 97 1
52 65 1
52 78 1
52 91 1
52 104 1
52 117 1
52 130 1
52 143 1
52 156 1
52 169 1
52 182 1
52 53 1
52 54 1
52 55 1
52 66 1
52 80 1
52 94 1
52 108 1
52 122 1
52 136 1
52 150 1
52 164 1
52 178 1
52 192 1
52 51 1
52 50 1
52 49 1
52 48 1
52 47 1
52 46 1
52 45 1
52 44 1
52 43 1
52 42 1
52 39 1
52 38 1
52 37 1
52 26 1
52 24 1
52 22 1
52 13 1
52 10 1
52 7 1
53 68 1
53 83 1
53 66 1
53 79 1
53 92 1
53 105 1
53 118 1
53 131 1
53 144 1
53 157 1
53 170 1
53 183 1
53 54 1
53 55 1
53 67 1
53 81 1
53 95 1
53 109 1
53 123 1
53 137 1
53 151 1
53 165 1
53 179 1
53 193 1
53 52 1
53 51 1
53 50 1
53 49 1
53 48 1
53 47 1
53 46 1
53 45 1
53 44 1
53 43 1
53 42 1
53 40 1
53 39 1
53 38 1
53 27 1
53 25 1
53 23 1
53 11 1
53 8 1
54 69 1
54 67 1
54 80 1
54 93 1
54 106 1
54 119 1
54 132 1
54 145 1
54 158 1
54 171 1
54 184 1
54 55 1
54 68 1
54 82 1
54 96 1
54 110 1
54 124 1
54 138 1
54 152 1
54 166 1
54 180 1
54 194 1
54 53 1
54 52 1
54 51 1
54 50 1
54 49 1
54 48 1
54 47 1
54 46 1
54 45 1
54 44 1
54 43 1
54 42 1
54 41 1
54 40 1
54 39 1
54 26 1
54 24 1
54 12 1
54 9 1
55 68 1
55 81 1
55 94 1
55 107 1
55 120 1
55 133 1
55 146 1
55 159 1
55 172 1
55 185 1
55 69 1
55 83 1
55 97 1
55 111 1
55 125 1
55 139 1
55 153 1
55 167 1
55 181 1
55 195 1
55 54 1
55 53 1
55 52 1
55 51 1
55 50 1
55 49 1
55 48 1
55 47 1
55 46 1
55 45 1
55 44 1
55 43 1
55 42 1
55 41 1
55 40 1
55 27 1
55 25 1
55 13 1
55 10 1
56 71 1
56 86 1
56 101 1
56 116 1
56 131 1
56 146 1
56 161 1
56 176 1
56 191 1
56 57 1
56 58 1
56 59 1
56 60 1
56 61 1
56 62 1
56 63 1
56 64 1
56 65 1
56 66 1
56 67 1
56 68 1
56 69 1
56 70 1
56 84 1
56 98 1
56 112 1
56 126 1
56 140 1
56 154 1
56 168 1
56 182 1
56 43 1
56 42 1
56 30 1
56 28 1
56 17 1
56 14 1
56 4 1
56 0 1
57 72 1
57 87 1
57 102 1
57 117 1
57 132 1
57 147 1
57 162 1
57 177 1
57 192 1
57 70 1
57 58 1
57 59 1
57 60 1
57 61 1
57 62 1
57 63 1
57 64 1
57 65 1
57 66 1
57 67 1
57 68 1
57 69 1
57 71 1
57 85 1
57 99 1
57 113 1
57 127 1
57 141 1
57 155 1
57 169 1
57 183 1
57 56 1
57 44 1
57 43 1
57 42 1
57 31 1
57 29 1
57 18 1
57 15 1
57 5 1
57 1 1
58 73 1
58 88 1
58 103 1
58 118 1
58 133 1
58 148 1
58 163 1
58 178 1
58 193 1
58 71 1
58 84 1
58 59 1
58 60 1
58 61 1
58 62 1
58 63 1
58 64 1
58 65 1
58 66 1
58 67 1
58 68 1
58 69 1
58 72 1
58 86 1
58 100 1
58 114 1
58 128 1
58 142 1
58 156 1
58 170 1
58 184 1
58 57 1
58 56 1
58 45 1
58 44 1
58 43 1
58 32 1
58 30 1
58 28 1
58 19 1
58 16 1
58 6 1
58 2 1
59 74 1
59 89 1
59 104 1
59 119 1
59 134 1
59 149 1
59 164 1
59 179 1
59 194 1
59 72 1
59 85 1
59 98 1
59 60 1
59 61 1
59 62 1
59 63 1
59 64 1
59 65 1
59 66 1
59 67 1
59 68 1
59 69 1
59 73 1
59 87 1
59 101 1
59 115 1
59 129 1
59 143 1
59 157 1
59 171 1
59 185 1
59 58 1
59 57 1
59 56 1
59 46 1
59 45 1
59 44 1
59 33 1
59 31 1
59 29 1
59 20 1
59 17 1
59 14 1
59 7 1
59 3 1
60 75 1
60 90 1
60 105 1
60 120 1
60 135 1
60 150 1
60 165 1
60 180 1
60 195 1
60 73 1
60 86 1
60 99 1
60 112 1
60 61 1
60 62 1
60 63 1
60 64 1
60 65 1
60 66 1
60 67 1
60 68 1
60 69 1
60 74 1
60 88 1
60 102 1
60 116 1
60 130 1
60 144 1
60 158 1
60 172 1
60 186 1
60 59 1
60 58 1
60 57 1
60 56 1
60 47 1
60 46 1
60 45 1
60 34 1
60 32 1
60 30 1
60 21 1
60 18 1
60 15 1
60 8 1
60 4 1
60 0 1
61 76 1
61 91 1
61 106 1
61 121 1
61 136 1
61 151 1
61 166 1
61 181 1
61 74 1
61 87 1
61 100 1
61 113 1
61 126 1
61 62 1
61 63 1
61 64 1
61 65 1
61 66 1
61 67 1
61 68 1
61 69 1
61 75 1
61 89 1
61 103 1
61 117 1
61 131 1
61 145 1
61 159 1
61 173 1
61 187 1
61 60 1
61 59 1
61 58 1
61 57 1
61 56 1
61 48 1
61 47 1
61 46 1
61 35 1
61 33 1
61 31 1
61 22 1
61 19 1
61 16 1
61 9 1
61 5 1
61 1 1
62 77 1
62 92 1
62 107 1
62 122 1
62 137 1
62 152 1
62 167 1
62 75 1
62 88 1
62 101 1
62 114 1
62 127 1
62 140 1
62 63 1
62 64 1
62 65 1
62 66 1
62 67 1
62 68 1
62 69 1
62 76 1
62 90 1
62 104 1
62 118 1
62 132 1
62 146 1
62 160 1
62 174 1
62 188 1
62 61 1
62 60 1
62 59 1
62 58 1
62 57 1
62 56 1
62 49 1
62 48 1
62 47 1
62 36 1
62 34 1
62 32 1
62 23 1
62 20 1
62 17 1
62 10 1
62 6 1
62 2 1
63 78 1
63 93 1
63 108 1
63 123 1
63 138 1
63 153 1
63 76 1
63 89 1
63 102 1
63 115 1
63 128 1
63 141 1
63 154 1
63 64 1
63 65 1
63 66 1
63 67 1
63 68 1
63 69 1
63 77 1
63 91 1
63 105 1
63 119 1
63 133 1
63 147 1
63 161 1
63 175 1
63 189 1
63 62 1
63 61 1
63 60 1
63 59 1
63 58 1
63 57 1
63 56 1
63 50 1
63 49 1
63 48 1
63 37 1
63 35 1
63 33 1
63 24 1
63 21 1
63 18 1
63 11 1
63 7 1
63 3 1
64 79 1
64 94 1
64 109 1
64 124 1
64 139 1
64 77 1
64 90 1
64 103 1
64 116 1
64 129 1
64 142 1
64 155 1
64 168 1
64 65 1
64 66 1
64 67 1
64 68 1
64 69 1
64 78 1
64 92 1
64 106 1
64 120 1
64 134 1
64 148 1
64 162 1
64 176 1
64 190 1
64 63 1
64 62 1
64 61 1
64 60 1
64 59 1
64 58 1
64 57 1
64 56 1
64 51 1
64 50 1
64 49 1
64 38 1
64 36 1
64 34 1
64 25 1
64 22 1
64 19 1
64 12 1
64 8 1
64 4 1
65 80 1
65 95 1
65 110 1
65 125 1
65 78 1
65 91 1
65 104 1
65 117 1
65 130 1
65 143 1
65 156 1
65 169 1
65 182 1
65 66 1
65 67 1
65 68 1
65 69 1
65 79 1
65 93 1
65 107 1
65 121 1
65 135 1
65 149 1
65 163 1
65 177 1
65 191 1
65 64 1
65 63 1
65 62 1
65 61 1
65 60 1
65 59 1
65 58 1
65 57 1
65 56 1
65 52 1
65 51 1
65 50 1
65 39 1
65 37 1
65 35 1
65 26 1
65 23 1
65 20 1
65 13 1
65 9 1
65 5 1
66 81 1
66 96 1
66 111 1
66 79 1
66 92 1
66 105 1
66 118 1
66 131 1
66 144 1
66 157 1
66 170 1
66 183 1
66 67 1
66 68 1
66 69 1
66 80 1
66 94 1
66 108 1
66 122 1
66 136 1
66 150 1
66 164 1
66 178 1
66 192 1
66 65 1
66 64 1
66 63 1
66 62 1
66 61 1
66 60 1
66 59 1
66 58 1
66 57 1
66 56 1
66 53 1
66 52 1
66 51 1
66 40 1
66 38 1
66 36 1
66 27 1
66 24 1
66 21 1
66 10 1
66 6 1
67 82 1
67 97 1
67 80 1
67 93 1
67 106 1
67 119 1
67 132 1
67 145 1
67 158 1
67 171 1
67 184 1
67 68 1
67 69 1
67 81 1
67 95 1
67 109 1
67 123 1
67 137 1
67 151 1
67 165 1
67 179 1
67 193 1
67 66 1
67 65 1
67 64 1
67 63 1
67 62 1
67 61 1
67 60 1
67 59 1
67 58 1
67 57 1
67 56 1
67 54 1
67 53 1
67 52 1
67 41 1
67 39 1
67 37 1
67 25 1
67 22 1
67 11 1
67 7 1
68 83 1
68 81 1
68 94 1
68 107 1
68 120 1
68 133 1
68 146 1
68 159 1
68 172 1
68 185 1
68 69 1
68 82 1
68 96 1
68 110 1
68 124 1
68 138 1
68 152 1
68 166 1
68 180 1
68 194 1
68 67 1
68 66 1
68 65 1
68 64 1
68 63 1
68 62 1
68 61 1
68 60 1
68 59 1
68 58 1
68 57 1
68 56 1
68 55 1
68 54 1
68 53 1
68 40 1
68 38 1
68 26 1
68 23 1
68 12 1
68 8 1
69 82 1
69 95 1
69 108 1
69 121 1
69 134 1
69 147 1
69 160 1
69 173 1
69 186 1
69 83 1
69 97 1
69 111 1
69 125 1
69 139 1
69 153 1
69 167 1
69 181 1
69 195 1
69 68 1
69 67 1
69 66 1
69 65 1
69 64 1
69 63 1
69 62 1
69 61 1
69 60 1
69 59 1
69 58 1
69 57 1
69 56 1
69 55 1
69 54 1
69 41 1
69 39 1
69 27 1
69 24 1
69 13 1
69 9 1
70 85 1
70 100 1
70 115 1
70 130 1
70 145 1
70 160 1
70 175 1
70 190 1
70 71 1
70 72 1
70 73 1
70 74 1
70 75 1
70 76 1
70 77 1
70 78 1
70 79 1
70 80 1
70 81 1
70 82 1
70 83 1
70 84 1
70 98 1
70 112 1
70 126 1
70 140 1
70 154 1
70 168 1
70 182 1
70 57 1
70 56 1
70 44 1
70 42 1
70 31 1
70 28 1
70 18 1
70 14 1
70 5 1
70 0 1
71 86 1
71 101 1
71 116 1
71 131 1
71 146 1
71 161 1
71 176 1
71 191 1
71 84 1
71 72 1
71 73 1
71 74 1
71 75 1
71 76 1
71 77 1
71 78 1
71 79 1
71 80 1
71 81 1
71 82 1
71 83 1
71 85 1
71 99 1
71 113 1
71 127 1
71 141 1
71 155 1
71 169 1
71 183 1
71 70 1
71 58 1
71 57 1
71 56 1
71 45 1
71 43 1
71 32 1
71 29 1
71 19 1
71 15 1
71 6 1
71 1 1
72 87 1
72 102 1
72 117 1
72 132 1
72 147 1
72 162 1
72 177 1
72 192 1
72 85 1
72 98 1
72 73 1
72 74 1
72 75 1
72 76 1
72 77 1
72 78 1
72 79 1
72 80 1
72 81 1
72 82 1
72 83 1
72 86 1
72 100 1
72 114 1
72 128 1
72 142 1
72 156 1
72 170 1
72 184 1
72 71 1
72 70 1
72 59 1
72 58 1
72 57 1
72 46 1
72 44 1
72 42 1
72 33 1
72 30 1
72 20 1
72 16 1
72 7 1
72 2 1
73 88 1
73 103 1
73 118 1
73 133 1
73 148 1
73 163 1
73 178 1
73 193 1
73 86 1
73 99 1
73 112 1
73 74 1
73 75 1
73 76 1
73 77 1
73 78 1
73 79 1
73 80 1
73 81 1
73 82 1
73 83 1
73 87 1
73 101 1
73 115 1
73 129 1
73 143 1
73 157 1
73 171 1
73 185 1
73 72 1
73 71 1
73 70 1
73 60 1
73 59 1
73 58 1
73 47 1
73 45 1
73 43 1
73 34 1
73 31 1
73 28 1
73 21 1
73 17 1
73 8 1
73 3 1
74 89 1
74 104 1
74 119 1
74 134 1
74 149 1
74 164 1
74 179 1
74 194 1
74 87 1
74 100 1
74 113 1
74 126 1
74 75 1
74 76 1
74 77 1
74 78 1
74 79 1
74 80 1
74 81 1
74 82 1
74 83 1
74 88 1
74 102 1
74 116 1
74 130 1
74 144 1
74 158 1
74 172 1
74 186 1
74 73 1
74 72 1
74 71 1
74 70 1
74 61 1
74 60 1
74 59 1
74 48 1
74 46 1
74 44 1
74 35 1
74 32 1
74 29 1
74 22 1
74 18 1
74 14 1
74 9 1
74 4 1
75 90 1
75 105 1
75 120 1
75 135 1
75 150 1
75 165 1
75 180 1
75 195 1
75 88 1
75 101 1
75 114 1
75 127 1
75 140 1
75 76 1
75 77 1
75 78 1
75 79 1
75 80 1
75 81 1
75 82 1
75 83 1
75 89 1
75 103 1
75 117 1
75 131 1
75 145 1
75 159 1
75 173 1
75 187 1
75 74 1
75 73 1
75 72 1
75 71 1
75 70 1
75 62 1
75 61 1
75 60 1
75 49 1
75 47 1
75 45 1
75 36 1
75 33 1
75 30 1
75 23 1
75 19 1
75 15 1
75 10 1
75 5 1
75 0 1
76 91 1
76 106 1
76 121 1
76 136 1
76 151 1
76 166 1
76 181 1
76 89 1
76 102 1
76 115 1
76 128 1
76 141 1
76 154 1
76 77 1
76 78 1
76 79 1
76 80 1
76 81 1
76 82 1
76 83 1
76 90 1
76 104 1
76 118 1
76 132 1
76 146 1
76 160 1
76 174 1
76 188 1
76 75 1
76 74 1
76 73 1
76 72 1
76 71 1
76 70 1
76 63 1
76 62 1
76 61 1
76 50 1
76 48 1
76 46 1
76 37 1
76 34 1
76 31 1
76 24 1
76 20 1
76 16 1
76 11 1
76 6 1
76 1 1
77 92 1
77 107 1
77 122 1
77 137 1
77 152 1
77 167 1
77 90 1
77 103 1
77 116 1
77 129 1
77 142 1
77 155 1
77 168 1
77 78 1
77 79 1
77 80 1
77 81 1
77 82 1
77 83 1
77 91 1
77 105 1
77 119 1
77 133 1
77 147 1
77 161 1
77 175 1
77 189 1
77 76 1
77 75 1
77 74 1
77 73 1
77 72 1
77 71 1
77 70 1
77 64 1
77 63 1
77 62 1
77 51 1
77 49 1
77 47 1
77 38 1
77 35 1
77 32 1
77 25 1
77 21 1
77 17 1
77 12 1
77 7 1
77 2 1
78 93 1
78 108 1
78 123 1
78 138 1
78 153 1
78 91 1
78 104 1
78 117 1
78 130 1
78 143 1
78 156 1
78 169 1
78 182 1
78 79 1
78 80 1
78 81 1
78 82 1
78 83 1
78 92 1
78 106 1
78 120 1
78 134 1
78 148 1
78 162 1
78 176 1
78 190 1
78 77 1
78 76 1
78 75 1
78 74 1
78 73 1
78 72 1
78 71 1
78 70 1
78 65 1
78 64 1
78 63 1
78 52 1
78 50 1
78 48 1
78 39 1
78 36 1
78 33 1
78 26 1
78 22 1
78 18 1
78 13 1
78 8 1
78 3 1
79 94 1
79 109 1
79 124 1
79 139 1
79 92 1
79 105 1
79 118 1
79 131 1
79 144 1
79 157 1
79 170 1
79 183 1
79 80 1
79 81 1
79 82 1
79 83 1
79 93 1
79 107 1
79 121 1
79 135 1
79 149 1
79 163 1
79 177 1
79 191 1
79 78 1
79 77 1
79 76 1
79 75 1
79 74 1
79 73 1
79 72 1
79 71 1
79 70 1
79 66 1
79 65 1
79 64 1
79 53 1
79 51 1
79 49 1
79 40 1
79 37 1
79 34 1
79 27 1
79 23 1
79 19 1
79 9 1
79 4 1
80 95 1
80 110 1
80 125 1
80 93 1
80 106 1
80 119 1
80 132 1
80 145 1
80 158 1
80 171 1
80 184 1
80 81 1
80 82 1
80 83 1
80 94 1
80 108 1
80 122 1
80 136 1
80 150 1
80 164 1
80 178 1
80 192 1
80 79 1
80 78 1
80 77 1
80 76 1
80 75 1
80 74 1
80 73 1
80 72 1
80 71 1
80 70 1
80 67 1
80 66 1
80 65 1
80 54 1
80 52 1
80 50 1
80 41 1
80 38 1
80 35 1
80 24 1
80 20 1
80 10 1
80 5 1
81 96 1
81 111 1
81 94 1
81 107 1
81 120 1
81 133 1
81 146 1
81 159 1
81 172 1
81 185 1
81 82 1
81 83 1
81 95 1
81 109 1
81 123 1
81 137 1
81 151 1
81 165 1
81 179 1
81 193 1
81 80 1
81 79 1
81 78 1
81 77 1
81 76 1
81 75 1
81 74 1
81 73 1
81 72 1
81 71 1
81 70 1
81 68 1
81 67 1
81 66 1
81 55 1
81 53 1
81 51 1
81 39 1
81 36 1
81 25 1
81 21 1
81 11 1
81 6 1
82 97 1
82 95 1
82 108 1
82 121 1
82 134 1
82 147 1
82 160 1
82 173 1
82 186 1
82 83 1
82 96 1
82 110 1
82 124 1
82 138 1
82 152 1
82 166 1
82 180 1
82 194 1
82 81 1
82 80 1
82 79 1
82 78 1
82 77 1
82 76 1
82 75 1
82 74 1
82 73 1
82 72 1
82 71 1
82 70 1
82 69 1
82 68 1
82 67 1
82 54 1
82 52 1
82 40 1
82 37 1
82 26 1
82 22 1
82 12 1
82 7 1
83 96 1
83 109 1
83 122 1
83 135 1
83 148 1
83 161 1
83 174 1
83 187 1
83 97 1
83 111 1
83 125 1
83 139 1
83 153 1
83 167 1
83 181 1
83 195 1
83 82 1
83 81 1
83 80 1
83 79 1
83 78 1
83 77 1
83 76 1
83 75 1
83 74 1
83 73 1
83 72 1
83 71 1
83 70 1
83 69 1
83 68 1
83 55 1
83 53 1
83 41 1
83 38 1
83 27 1
83 23 1
83 13 1
83 8 1
84 99 1
84 114 1
84 129 1
84 144 1
84 159 1
84 174 1
84 189 1
84 85 1
84 86 1
84 87 1
84 88 1
84 89 1
84 90 1
84 91 1
84 92 1
84 93 1
84 94 1
84 95 1
84 96 1
84 97 1
84 98 1
84 112 1
84 126 1
84 140 1
84 154 1
84 168 1
84 182 1
84 71 1
84 70 1
84 58 1
84 56 1
84 45 1
84 42 1
84 32 1
84 28 1
84 19 1
84 14 1
84 6 1
84 0 1
85 100 1
85 115 1
85 130 1
85 145 1
85 160 1
85 175 1
85 190 1
85 98 1
85 86 1
85 87 1
85 88 1
85 89 1
85 90 1
85 91 1
85 92 1
85 93 1
85 94 1
85 95 1
85 96 1
85 97 1
85 99 1
85 113 1
85 127 1
85 141 1
85 155 1
85 169 1
85 183 1
85 84 1
85 72 1
85 71 1
85 70 1
85 59 1
85 57 1
85 46 1
85 43 1
85 33 1
85 29 1
85 20 1
85 15 1
85 7 1
85 1 1
86 101 1
86 116 1
86 131 1
86 146 1
86 161 1
86 176 1
86 191 1
86 99 1
86 112 1
86 87 1
86 88 1
86 89 1
86 90 1
86 91 1
86 92 1
86 93 1
86 94 1
86 95 1
86 96 1
86 97 1
86 100 1
86 114 1
86 128 1
86 142 1
86 156 1
86 170 1
86 184 1
86 85 1
86 84 1
86 73 1
86 72 1
86 71 1
86 60 1
86 58 1
86 56 1
86 47 1
86 44 1
86 34 1
86 30 1
86 21 1
86 16 1
86 8 1
86 2 1
87 102 1
87 117 1
87 132 1
87 147 1
87 162 1
87 177 1
87 192 1
87 100 1
87 113 1
87 126 1
87 88 1
87 89 1
87 90 1
87 91 1
87 92 1
87 93 1
87 94 1
87 95 1
87 96 1
87 97 1
87 101 1
87 115 1
87 129 1
87 143 1
87 157 1
87 171 1
87 185 1
87 86 1
87 85 1
87 84 1
87 74 1
87 73 1
87 72 1
87 61 1
87 59 1
87 57 1
87 48 1
87 45 1
87 42 1
87 35 1
87 31 1
87 22 1
87 17 1
87 9 1
87 3 1
88 103 1
88 118 1
88 133 1
88 148 1
88 163 1
88 178 1
88 193 1
88 101 1
88 114 1
88 127 1
88 140 1
88 89 1
88 90 1
88 91 1
88 92 1
88 93 1
88 94 1
88 95 1
88 96 1
88 97 1
88 102 1
88 116 1
88 130 1
88 144 1
88 158 1
88 172 1
88 186 1
88 87 1
88 86 1
88 85 1
88 84 1
88 75 1
88 74 1
88 73 1
88 62 1
88 60 1
88 58 1
88 49 1
88 46 1
88 43 1
88 36 1
88 32 1
88 28 1
88 23 1
88 18 1
88 10 1
88 4 1
89 104 1
89 119 1
89 134 1
89 149 1
89 164 1
89 179 1
89 194 1
89 102 1
89 115 1
89 128 1
89 141 1
89 154 1
89 90 1
89 91 1
89 92 1
89 93 1
89 94 1
89 95 1
89 96 1
89 97 1
89 103 1
89 117 1
89 131 1
89 145 1
89 159 1
89 173 1
89 187 1
89 88 1
89 87 1
89 86 1
89 85 1
89 84 1
89 76 1
89 75 1
89 74 1
89 63 1
89 61 1
89 59 1
89 50 1
89 47 1
89 44 1
89 37 1
89 33 1
89 29 1
89 24 1
89 19 1
89 14 1
89 11 1
89 5 1
90 105 1
90 120 1
90 135 1
90 150 1
90 165 1
90 180 1
90 195 1
90 103 1
90 116 1
90 129 1
90 142 1
90 155 1
90 168 1
90 91 1
90 92 1
90 93 1
90 94 1
90 95 1
90 96 1
90 97 1
90 104 1
90 118 1
90 132 1
90 146 1
90 160 1
90 174 1
90 188 1
90 89 1
90 88 1
90 87 1
90 86 1
90 85 1
90 84 1
90 77 1
90 76 1
90 75 1
90 64 1
90 62 1
90 60 1
90 51 1
90 48 1
90 45 1
90 38 1
90 34 1
90 30 1
90 25 1
90 20 1
90 15 1
90 12 1
90 6 1
90 0 1
91 106 1
91 121 1
91 136 1
91 151 1
91 166 1
91 181 1
91 104 1
91 117 1
91 130 1
91 143 1
91 156 1
91 169 1
91 182 1
91 92 1
91 93 1
91 94 1
91 95 1
91 96 1
91 97 1
91 105 1
91 119 1
91 133 1
91 147 1
91 161 1
91 175 1
91 189 1
91 90 1
91 89 1
91 88 1
91 87 1
91 86 1
91 85 1
91 84 1
91 78 1
91 77 1
91 76 1
91 65 1
91 63 1
91 61 1
91 52 1
91 49 1
91 46 1
91 39 1
91 35 1
91 31 1
91 26 1
91 21 1
91 16 1
91 13 1
91 7 1
91 1 1
92 107 1
92 122 1
92 137 1
92 152 1
92 167 1
92 105 1
92 118 1
92 131 1
92 144 1
92 157 1
92 170 1
92 183 1
92 93 1
92 94 1
92 95 1
92 96 1
92 97 1
92 106 1
92 120 1
92 134 1
92 148 1
92 162 1
92 176 1
92 190 1
92 91 1
92 90 1
92 89 1
92 88 1
92 87 1
92 86 1
92 85 1
92 84 1
92 79 1
92 78 1
92 77 1
92 66 1
92 64 1
92 62 1
92 53 1
92 50 1
92 47 1
92 40 1
92 36 1
92 32 1
92 27 1
92 22 1
92 17 1
92 8 1
92 2 1
93 108 1
93 123 1
93 138 1
93 153 1
93 106 1
93 119 1
93 132 1
93 145 1
93 158 1
93 171 1
93 184 1
93 94 1
93 95 1
93 96 1
93 97 1
93 107 1
93 121 1
93 135 1
93 149 1
93 163 1
93 177 1
93 191 1
93 92 1
93 91 1
93 90 1
93 89 1
93 88 1
93 87 1
93 86 1
93 85 1
93 84 1
93 80 1
93 79 1
93 78 1
93 67 1
93 65 1
93 63 1
93 54 1
93 51 1
93 48 1
93 41 1
93 37 1
93 33 1
93 23 1
93 18 1
93 9 1
93 3 1
94 109 1
94 124 1
94 139 1
94 107 1
94 120 1
94 133 1
94 146 1
94 159 1
94 172 1
94 185 1
94 95 1
94 96 1
94 97 1
94 108 1
94 122 1
94 136 1
94 150 1
94 164 1
94 178 1
94 192 1
94 93 1
94 92 1
94 91 1
94 90 1
94 89 1
94 88 1
94 87 1
94 86 1
94 85 1
94 84 1
94 81 1
94 80 1
94 79 1
94 68 1
94 66 1
94 64 1
94 55 1
94 52 1
94 49 1
94 38 1
94 34 1
94 24 1
94 19 1
94 10 1
94 4 1
95 110 1
95 125 1
95 108 1
95 121 1
95 134 1
95 147 1
95 160 1
95 173 1
95 186 1
95 96 1
95 97 1
95 109 1
95 123 1
95 137 1
95 151 1
95 165 1
95 179 1
95 193 1
95 94 1
95 93 1
95 92 1
95 91 1
95 90 1
95 89 1
95 88 1
95 87 1
95 86 1
95 85 1
95 84 1
95 82 1
95 81 1
95 80 1
95 69 1
95 67 1
95 65 1
95 53 1
95 50 1
95 39 1
95 35 1
95 25 1
95 20 1
95 11 1
95 5 1
96 111 1
96 109 1
96 122 1
96 135 1
96 148 1
96 161 1
96 174 1
96 187 1
96 97 1
96 110 1
96 124 1
96 138 1
96 152 1
96 166 1
96 180 1
96 194 1
96 95 1
96 94 1
96 93 1
96 92 1
96 91 1
96 90 1
96 89 1
96 88 1
96 87 1
96 86 1
96 85 1
96 84 1
96 83 1
96 82 1
96 81 1
96 68 1
96 66 1
96 54 1
96 51 1
96 40 1
96 36 1
96 26 1
96 21 1
96 12 1
96 6 1
97 110 1
97 123 1
97 136 1
97 149 1
97 162 1
97 175 1
97 188 1
97 111 1
97 125 1
97 139 1
97 153 1
97 167 1
97 181 1
97 195 1
97 96 1
97 95 1
97 94 1
97 93 1
97 92 1
97 91 1
97 90 1
97 89 1
97 88 1
97 87 1
97 86 1
97 85 1
97 84 1
97 83 1
97 82 1
97 69 1
97 67 1
97 55 1
97 52 1
97 41 1
97 37 1
97 27 1
97 22 1
97 13 1
97 7 1
98 113 1
98 128 1
98 143 1
98 158 1
98 173 1
98 188 1
98 99 1
98 100 1
98 101 1
98 102 1
98 103 1
98 104 1
98 105 1
98 106 1
98 107 1
98 108 1
98 109 1
98 110 1
98 111 1
98 112 1
98 126 1
98 140 1
98 154 1
98 168 1
98 182 1
98 85 1
98 84 1
98 72 1
98 70 1
98 59 1
98 56 1
98 46 1
98 42 1
98 33 1
98 28 1
98 20 1
98 14 1
98 7 1
98 0 1
99 114 1
99 129 1
99 144 1
99 159 1
99 174 1
99 189 1
99 112 1
99 100 1
99 101 1
99 102 1
99 103 1
99 104 1
99 105 1
99 106 1
99 107 1
99 108 1
99 109 1
99 110 1
99 111 1
99 113 1
99 127 1
99 141 1
99 155 1
99 169 1
99 183 1
99 98 1
99 86 1
99 85 1
99 84 1
99 73 1
99 71 1
99 60 1
99 57 1
99 47 1
99 43 1
99 34 1
99 29 1
99 21 1
99 15 1
99 8 1
99 1 1
100 115 1
100 130 1
100 145 1
100 160 1
100 175 1
100 190 1
100 113 1
100 126 1
100 101 1
100 102 1
100 103 1
100 104 1
100 105 1
100 106 1
100 107 1
100 108 1
100 109 1
100 110 1
100 111 1
100 114 1
100 128 1
100 142 1
100 156 1
100 170 1
100 184 1
100 99 1
100 98 1
100 87 1
100 86 1
100 85 1
100 74 1
100 72 1
100 70 1
100 61 1
100 58 1
100 48 1
100 44 1
100 35 1
100 30 1
100 22 1
100 16 1
100 9 1
100 2 1
101 116 1
101 131 1
101 146 1
101 161 1
101 176 1
101 191 1
101 114 1
101 127 1
101 140 1
101 102 1
101 103 1
101 104 1
101 105 1
101 106 1
101 107 1
101 108 1
101 109 1
101 110 1
101 111 1
101 115 1
101 129 1
101 143 1
101 157 1
101 171 1
101 185 1
101 100 1
101 99 1
101 98 1
101 88 1
101 87 1
101 86 1
101 75 1
101 73 1
101 71 1
101 62 1
101 59 1
101 56 1
101 49 1
101 45 1
101 36 1
101 31 1
101 23 1
101 17 1
101 10 1
101 3 1
102 117 1
102 132 1
102 147 1
102 162 1
102 177 1
102 192 1
102 115 1
102 128 1
102 141 1
102 154 1
102 103 1
102 104 1
102 105 1
102 106 1
102 107 1
102 108 1
102 109 1
102 110 1
102 111 1
102 116 1
102 130 1
102 144 1
102 158 1
102 172 1
102 186 1
102 101 1
102 100 1
102 99 1
102 98 1
102 89 1
102 88 1
102 87 1
102 76 1
102 74 1
102 72 1
102 63 1
102 60 1
102 57 1
102 50 1
102 46 1
102 42 1
102 37 1
102 32 1
102 24 1
102 18 1
102 11 1
102 4 1
103 118 1
103 133 1
103 148 1
103 163 1
103 178 1
103 193 1
103 116 1
103 129 1
103 142 1
103 155 1
103 168 1
103 104 1
103 105 1
103 106 1
103 107 1
103 108 1
103 109 1
103 110 1
103 111 1
103 117 1
103 131 1
103 145 1
103 159 1
103 173 1
103 187 1
103 102 1
103 101 1
103 100 1
103 99 1
103 98 1
103 90 1
103 89 1
103 88 1
103 77 1
103 75 1
103 73 1
103 64 1
103 61 1
103 58 1
103 51 1
103 47 1
103 43 1
103 38 1
103 33 1
103 28 1
103 25 1
103 19 1
103 12 1
103 5 1
104 119 1
104 134 1
104 149 1
104 164 1
104 179 1
104 194 1
104 117 1
104 130 1
104 143 1
104 156 1
104 169 1
104 182 1
104 105 1
104 106 1
104 107 1
104 108 1
104 109 1
104 110 1
104 111 1
104 118 1
104 132 1
104 146 1
104 160 1
104 174 1
104 188 1
104 103 1
104 102 1
104 101 1
104 100 1
104 99 1
104 98 1
104 91 1
104 90 1
104 89 1
104 78 1
104 76 1
104 74 1
104 65 1
104 62 1
104 59 1
104 52 1
104 48 1
104 44 1
104 39 1
104 34 1
104 29 1
104 26 1
104 20 1
104 14 1
104 13 1
104 6 1
105 120 1
105 135 1
105 150 1
105 165 1
105 180 1
105 195 1
105 118 1
105 131 1
105 144 1
105 157 1
105 170 1
105 183 1
105 106 1
105 107 1
105 108 1
105 109 1
105 110 1
105 111 1
105 119 1
105 133 1
105 147 1
105 161 1
105 175 1
105 189 1
105 104 1
105 103 1
105 102 1
105 101 1
105 100 1
105 99 1
105 98 1
105 92 1
105 91 1
105 90 1
105 79 1
105 77 1
105 75 1
105 66 1
105 63 1
105 60 1
105 53 1
105 49 1
105 45 1
105 40 1
105 35 1
105 30 1
105 27 1
105 21 1
105 15 1
105 7 1
105 0 1
106 121 1
106 136 1
106 151 1
106 166 1
106 181 1
106 119 1
106 132 1
106 145 1
106 158 1
106 171 1
106 184 1
106 107 1
106 108 1
106 109 1
106 110 1
106 111 1
106 120 1
106 134 1
106 148 1
106 162 1
106 176 1
106 190 1
106 105 1
106 104 1
106 103 1
106 102 1
106 101 1
106 100 1
106 99 1
106 98 1
106 93 1
106 92 1
106 91 1
106 80 1
106 78 1
106 76 1
106 67 1
106 64 1
106 61 1
106 54 1
106 50 1
106 46 1
106 41 1
106 36 1
106 31 1
106 22 1
106 16 1
106 8 1
106 1 1
107 122 1
107 137 1
107 152 1
107 167 1
107 120 1
107 133 1
107 146 1
107 159 1
107 172 1
107 185 1
107 108 1
107 109 1
107 110 1
107 111 1
107 121 1
107 135 1
107 149 1
107 163 1
107 177 1
107 191 1
107 106 1
107 105 1
107 104 1
107 103 1
107 102 1
107 101 1
107 100 1
107 99 1
107 98 1
107 94 1
107 93 1
107 92 1
107 81 1
107 79 1
107 77 1
107 68 1
107 65 1
107 62 1
107 55 1
107 51 1
107 47 1
107 37 1
107 32 1
107 23 1
107 17 1
107 9 1
107 2 1
108 123 1
108 138 1
108 153 1
108 121 1
108 134 1
108 147 1
108 160 1
108 173 1
108 186 1
108 109 1
108 110 1
108 111 1
108 122 1
108 136 1
108 150 1
108 164 1
108 178 1
108 192 1
108 107 1
108 106 1
108 105 1
108 104 1
108 103 1
108 102 1
108 101 1
108 100 1
108 99 1
108 98 1
108 95 1
108 94 1
108 93 1
108 82 1
108 80 1
108 78 1
108 69 1
108 66 1
108 63 1
108 52 1
108 48 1
108 38 1
108 33 1
108 24 1
108 18 1
108 10 1
108 3 1
109 124 1
109 139 1
109 122 1
109 135 1
109 148 1
109 161 1
109 174 1
109 187 1
109 110 1
109 111 1
109 123 1
109 137 1
109 151 1
109 165 1
109 179 1
109 193 1
109 108 1
109 107 1
109 106 1
109 105 1
109 104 1
109 103 1
109 102 1
109 101 1
109 100 1
109 99 1
109 98 1
109 96 1
109 95 1
109 94 1
109 83 1
109 81 1
109 79 1
109 67 1
109 64 1
109 53 1
109 49 1
109 39 1
109 34 1
109 25 1
109 19 1
109 11 1
109 4 1
110 125 1
110 123 1
110 136 1
110 149 1
110 162 1
110 175 1
110 188 1
110 111 1
110 124 1
110 138 1
110 152 1
110 166 1
110 180 1
110 194 1
110 109 1
110 108 1
110 107 1
110 106 1
110 105 1
110 104 1
110 103 1
110 102 1
110 101 1
110 100 1
110 99 1
110 98 1
110 97 1
110 96 1
110 95 1
110 82 1
110 80 1
110 68 1
110 65 1
110 54 1
110 50 1
110 40 1
110 35 1
110 26 1
110 20 1
110 12 1
110 5 1
111 124 1
111 137 1
111 150 1
111 163 1
111 176 1
111 189 1
111 125 1
111 139 1
111 153 1
111 167 1
111 181 1
111 195 1
111 110 1
111 109 1
111 108 1
111 107 1
111 106 1
111 105 1
111 104 1
111 103 1
111 102 1
111 101 1
111 100 1
111 99 1
111 98 1
111 97 1
111 96 1
111 83 1
111 81 1
111 69 1
111 66 1
111 55 1
111 51 1
111 41 1
111 36 1
111 27 1
111 21 1
111 13 1
111 6 1
112 127 1
112 142 1
112 157 1
112 172 1
112 187 1
112 113 1
112 114 1
112 115 1
112 116 1
112 117 1
112 118 1
112 119 1
112 120 1
112 121 1
112 122 1
112 123 1
112 124 1
112 125 1
112 126 1
112 140 1
112 154 1
112 168 1
112 182 1
112 99 1
112 98 1
112 86 1
112 84 1
112 73 1
112 70 1
112 60 1
112 56 1
112 47 1
112 42 1
112 34 1
112 28 1
112 21 1
112 14 1
112 8 1
112 0 1
113 128 1
113 143 1
113 158 1
113 173 1
113 188 1
113 126 1
113 114 1
113 115 1
113 116 1
113 117 1
113 118 1
113 119 1
113 120 1
113 121 1
113 122 1
113 123 1
113 124 1
113 125 1
113 127 1
113 141 1
113 155 1
113 169 1
113 183 1
113 112 1
113 100 1
113 99 1
113 98 1
113 87 1
113 85 1
113 74 1
113 71 1
113 61 1
113 57 1
113 48 1
113 43 1
113 35 1
113 29 1
113 22 1
113 15 1
113 9 1
113 1 1
114 129 1
114 144 1
114 159 1
114 174 1
114 189 1
114 127 1
114 140 1
114 115 1
114 116 1
114 117 1
114 118 1
114 119 1
114 120 1
114 121 1
114 122 1
114 123 1
114 124 1
114 125 1
114 128 1
114 142 1
114 156 1
114 170 1
114 184 1
114 113 1
114 112 1
114 101 1
114 100 1
114 99 1
114 88 1
114 86 1
114 84 1
114 75 1
114 72 1
114 62 1
114 58 1
114 49 1
114 44 1
114 36 1
114 30 1
114 23 1
114 16 1
114 10 1
114 2 1
115 130 1
115 145 1
115 160 1
115 175 1
115 190 1
115 128 1
115 141 1
115 154 1
115 116 1
115 117 1
115 118 1
115 119 1
115 120 1
115 121 1
115 122 1
115 123 1
115 124 1
115 125 1
115 129 1
115 143 1
115 157 1
115 171 1
115 185 1
115 114 1
115 113 1
115 112 1
115 102 1
115 101 1
115 100 1
115 89 1
115 87 1
115 85 1
115 76 1
115 73 1
115 70 1
115 63 1
115 59 1
115 50 1
115 45 1
115 37 1
115 31 1
115 24 1
115 17 1
115 11 1
115 3 1
116 131 1
116 146 1
116 161 1
116 176 1
116 191 1
116 129 1
116 142 1
116 155 1
116 168 1
116 117 1
116 118 1
116 119 1
116 120 1
116 121 1
116 122 1
116 123 1
116 124 1
116 125 1
116 130 1
116 144 1
116 158 1
116 172 1
116 186 1
116 115 1
116 114 1
116 113 1
116 112 1
116 103 1
116 102 1
116 101 1
116 90 1
116 88 1
116 86 1
116 77 1
116 74 1
116 71 1
116 64 1
116 60 1
116 56 1
116 51 1
116 46 1
116 38 1
116 32 1
116 25 1
116 18 1
116 12 1
116 4 1
117 132 1
117 147 1
117 162 1
117 177 1
117 192 1
117 130 1
117 143 1
117 156 1
117 169 1
117 182 1
117 118 1
117 119 1
117 120 1
117 121 1
117 122 1
117 123 1
117 124 1
117 125 1
117 131 1
117 145 1
117 159 1
117 173 1
117 187 1
117 116 1
117 115 1
117 114 1
117 113 1
117 112 1
117 104 1
117 103 1
117 102 1
117 91 1
117 89 1
117 87 1
117 78 1
117 75 1
117 72 1
117 65 1
117 61 1
117 57 1
117 52 1
117 47 1
117 42 1
117 39 1
117 33 1
117 26 1
117 19 1
117 13 1
117 5 1
118 133 1
118 148 1
118 163 1
118 178 1
118 193 1
118 131 1
118 144 1
118 157 1
118 170 1
118 183 1
118 119 1
118 120 1
118 121 1
118 122 1
118 123 1
118 124 1
118 125 1
118 132 1
118 146 1
118 160 1
118 174 1
118 188 1
118 117 1
118 116 1
118 115 1
118 114 1
118 113 1
118 112 1
118 105 1
118 104 1
118 103 1
118 92 1
118 90 1
118 88 1
118 79 1
118 76 1
118 73 1
118 66 1
118 62 1
118 58 1
118 53 1
118 48 1
118 43 1
118 40 1
118 34 1
118 28 1
118 27 1
118 20 1
118 6 1
119 134 1
119 149 1
119 164 1
119 179 1
119 194 1
119 132 1
119 145 1
119 158 1
119 171 1
119 184 1
119 120 1
119 121 1
119 122 1
119 123 1
119 124 1
119 125 1
119 133 1
119 147 1
119 161 1
119 175 1
119 189 1
119 118 1
119 117 1
119 116 1
119 115 1
119 114 1
119 113 1
119 112 1
119 106 1
119 105 1
119 104 1
119 93 1
119 91 1
119 89 1
119 80 1
119 77 1
119 74 1
119 67 1
119 63 1
119 59 1
119 54 1
119 49 1
119 44 1
119 41 1
119 35 1
119 29 1
119 21 1
119 14 1
119 7 1
120 135 1
120 150 1
120 165 1
120 180 1
120 195 1
120 133 1
120 146 1
120 159 1
120 172 1
120 185 1
120 121 1
120 122 1
120 123 1
120 124 1
120 125 1
120 134 1
120 148 1
120 162 1
120 176 1
120 190 1
120 119 1
120 118 1
120 117 1
120 116 1
120 115 1
120 114 1
120 113 1
120 112 1
120 107 1
120 106 1
120 105 1
120 94 1
120 92 1
120 90 1
120 81 1
120 78 1
120 75 1
120 68 1
120 64 1
120 60 1
120 55 1
120 50 1
120 45 1
120 36 1
120 30 1
120 22 1
120 15 1
120 8 1
120 0 1
121 136 1
121 151 1
121 166 1
121 181 1
121 134 1
121 147 1
121 160 1
121 173 1
121 186 1
121 122 1
121 123 1
121 124 1
121 125 1
121 135 1
121 149 1
121 163 1
121 177 1
121 191 1
121 120 1
121 119 1
121 118 1
121 117 1
121 116 1
121 115 1
121 114 1
121 113 1
121 112 1
121 108 1
121 107 1
121 106 1
121 95 1
121 93 1
121 91 1
121 82 1
121 79 1
121 76 1
121 69 1
121 65 1
121 61 1
121 51 1
121 46 1
121 37 1
121 31 1
121 23 1
121 16 1
121 9 1
121 1 1
122 137 1
122 152 1
122 167 1
122 135 1
122 148 1
122 161 1
122 174 1
122 187 1
122 123 1
122 124 1
122 125 1
122 136 1
122 150 1
122 164 1
122 178 1
122 192 1
122 121 1
122 120 1
122 119 1
122 118 1
122 117 1
122 116 1
122 115 1
122 114 1
122 113 1
122 112 1
122 109 1
122 108 1
122 107 1
122 96 1
122 94 1
122 92 1
122 83 1
122 80 1
122 77 1
122 66 1
122 62 1
122 52 1
122 47 1
122 38 1
122 32 1
122 24 1
122 17 1
122 10 1
122 2 1
123 138 1
123 153 1
123 136 1
123 149 1
123 162 1
123 175 1
123 188 1
123 124 1
123 125 1
123 137 1
123 151 1
123 165 1
123 179 1
123 193 1
123 122 1
123 121 1
123 120 1
123 119 1
123 118 1
123 117 1
123 116 1
123 115 1
123 114 1
123 113 1
123 112 1
123 110 1
123 109 1
123 108 1
123 97 1
123 95 1
123 93 1
123 81 1
123 78 1
123 67 1
123 63 1
123 53 1
123 48 1
123 39 1
123 33 1
123 25 1
123 18 1
123 11 1
123 3 1
124 139 1
124 137 1
124 150 1
124 163 1
124 176 1
124 189 1
124 125 1
124 138 1
124 152 1
124 166 1
124 180 1
124 194 1
124 123 1
124 122 1
124 121 1
124 120 1
124 119 1
124 118 1
124 117 1
124 116 1
124 115 1
124 114 1
124 113 1
124 112 1
124 111 1
124 110 1
124 109 1
124 96 1
124 94 1
124 82 1
124 79 1
124 68 1
124 64 1
124 54 1
124 49 1
124 40 1
124 34 1
124 26 1
124 19 1
124 12 1
124 4 1
125 138 1
125 151 1
125 164 1
125 177 1
125 190 1
125 139 1
125 153 1
125 167 1
125 181 1
125 195 1
125 124 1
125 123 1
125 122 1
125 121 1
125 120 1
125 119 1
125 118 1
125 117 1
125 116 1
125 115 1
125 114 1
125 113 1
125 112 1
125 111 1
125 110 1
125 97 1
125 95 1
125 83 1
125 80 1
125 69 1
125 65 1
125 55 1
125 50 1
125 41 1
125 35 1
125 27 1
125 20 1
125 13 1
125 5 1
126 141 1
126 156 1
126 171 1
126 186 1
126 127 1
126 128 1
126 129 1
126 130 1
126 131 1
126 132 1
126 133 1
126 134 1
126 135 1
126 136 1
126 137 1
126 138 1
126 139 1
126 140 1
126 154 1
126 168 1
126 182 1
126 113 1
126 112 1
126 100 1
126 98 1
126 87 1
126 84 1
126 74 1
126 70 1
126 61 1
126 56 1
126 48 1
126 42 1
126 35 1
126 28 1
126 22 1
126 14 1
126 9 1
126 0 1
127 142 1
127 157 1
127 172 1
127 187 1
127 140 1
127 128 1
127 129 1
127 130 1
127 131 1
127 132 1
127 133 1
127 134 1
127 135 1
127 136 1
127 137 1
127 138 1
127 139 1
127 141 1
127 155 1
127 169 1
127 183 1
127 126 1
127 114 1
127 113 1
127 112 1
127 101 1
127 99 1
127 88 1
127 85 1
127 75 1
127 71 1
127 62 1
127 57 1
127 49 1
127 43 1
127 36 1
127 29 1
127 23 1
127 15 1
127 10 1
127 1 1
128 143 1
128 158 1
128 173 1
128 188 1
128 141 1
128 154 1
128 129 1
128 130 1
128 131 1
128 132 1
128 133 1
128 134 1
128 135 1
128 136 1
128 137 1
128 138 1
128 139 1
128 142 1
128 156 1
128 170 1
128 184 1
128 127 1
128 126 1
128 115 1
128 114 1
128 113 1
128 102 1
128 100 1
128 98 1
128 89 1
128 86 1
128 76 1
128 72 1
128 63 1
128 58 1
128 50 1
128 44 1
128 37 1
128 30 1
128 24 1
128 16 1
128 11 1
128 2 1
129 144 1
129 159 1
129 174 1
129 189 1
129 142 1
129 155 1
129 168 1
129 130 1
129 131 1
129 132 1
129 133 1
129 134 1
129 135 1
129 136 1
129 137 1
129 138 1
129 139 1
129 143 1
129 157 1
129 171 1
129 185 1
129 128 1
129 127 1
129 126 1
129 116 1
129 115 1
129 114 1
129 103 1
129 101 1
129 99 1
129 90 1
129 87 1
129 84 1
129 77 1
129 73 1
129 64 1
129 59 1
129 51 1
129 45 1
129 38 1
129 31 1
129 25 1
129 17 1
129 12 1
129 3 1
130 145 1
130 160 1
130 175 1
130 190 1
130 143 1
130 156 1
130 169 1
130 182 1
130 131 1
130 132 1
130 133 1
130 134 1
130 135 1
130 136 1
130 137 1
130 138 1
130 139 1
130 144 1
130 158 1
130 172 1
130 186 1
130 129 1
130 128 1
130 127 1
130 126 1
130 117 1
130 116 1
130 115 1
130 104 1
130 102 1
130 100 1
130 91 1
130 88 1
130 85 1
130 78 1
130 74 1
130 70 1
130 65 1
130 60 1
130 52 1
130 46 1
130 39 1
130 32 1
130 26 1
130 18 1
130 13 1
130 4 1
131 146 1
131 161 1
131 176 1
131 191 1
131 144 1
131 157 1
131 170 1
131 183 1
131 132 1
131 133 1
131 134 1
131 135 1
131 136 1
131 137 1
131 138 1
131 139 1
131 145 1
131 159 1
131 173 1
131 187 1
131 130 1
131 129 1
131 128 1
131 127 1
131 126 1
131 118 1
131 117 1
131 116 1
131 105 1
131 103 1
131 101 1
131 92 1
131 89 1
131 86 1
131 79 1
131 75 1
131 71 1
131 66 1
131 61 1
131 56 1
131 53 1
131 47 1
131 40 1
131 33 1
131 27 1
131 19 1
131 5 1
132 147 1
132 162 1
132 177 1
132 192 1
132 145 1
132 158 1
132 171 1
132 184 1
132 133 1
132 134 1
132 135 1
132 136 1
132 137 1
132 138 1
132 139 1
132 146 1
132 160 1
132 174 1
132 188 1
132 131 1
132 130 1
132 129 1
132 128 1
132 127 1
132 126 1
132 119 1
132 118 1
132 117 1
132 106 1
132 104 1
132 102 1
132 93 1
132 90 1
132 87 1
132 80 1
132 76 1
132 72 1
132 67 1
132 62 1
132 57 1
132 54 1
132 48 1
132 42 1
132 41 1
132 34 1
132 20 1
132 6 1
133 148 1
133 163 1
133 178 1
133 193 1
133 146 1
133 159 1
133 172 1
133 185 1
133 134 1
133 135 1
133 136 1
133 137 1
133 138 1
133 139 1
133 147 1
133 161 1
133 175 1
133 189 1
133 132 1
133 131 1
133 130 1
133 129 1
133 128 1
133 127 1
133 126 1
133 120 1
133 119 1
133 118 1
133 107 1
133 105 1
133 103 1
133 94 1
133 91 1
133 88 1
133 81 1
133 77 1
133 73 1
133 68 1
133 63 1
133 58 1
133 55 1
133 49 1
133 43 1
133 35 1
133 28 1
133 21 1
133 7 1
134 149 1
134 164 1
134 179 1
134 194 1
134 147 1
134 160 1
134 173 1
134 186 1
134 135 1
134 136 1
134 137 1
134 138 1
134 139 1
134 148 1
134 162 1
134 176 1
134 190 1
134 133 1
134 132 1
134 131 1
134 130 1
134 129 1
134 128 1
134 127 1
134 126 1
134 121 1
134 120 1
134 119 1
134 108 1
134 106 1
134 104 1
134 95 1
134 92 1
134 89 1
134 82 1
134 78 1
134 74 1
134 69 1
134 64 1
134 59 1
134 50 1
134 44 1
134 36 1
134 29 1
134 22 1
134 14 1
134 8 1
135 150 1
135 165 1
135 180 1
135 195 1
135 148 1
135 161 1
135 174 1
135 187 1
135 136 1
135 137 1
135 138 1
135 139 1
135 149 1
135 163 1
135 177 1
135 191 1
135 134 1
135 133 1
135 132 1
135 131 1
135 130 1
135 129 1
135 128 1
135 127 1
135 126 1
135 122 1
135 121 1
135 120 1
135 109 1
135 107 1
135 105 1
135 96 1
135 93 1
135 90 1
135 83 1
135 79 1
135 75 1
135 65 1
135 60 1
135 51 1
135 45 1
135 37 1
135 30 1
135 23 1
135 15 1
135 9 1
135 0 1
136 151 1
136 166 1
136 181 1
136 149 1
136 162 1
136 175 1
136 188 1
136 137 1
136 138 1
136 139 1
136 150 1
136 164 1
136 178 1
136 192 1
136 135 1
136 134 1
136 133 1
136 132 1
136 131 1
136 130 1
136 129 1
136 128 1
136 127 1
136 126 1
136 123 1
136 122 1
136 121 1
136 110 1
136 108 1
136 106 1
136 97 1
136 94 1
136 91 1
136 80 1
136 76 1
136 66 1
136 61 1
136 52 1
136 46 1
136 38 1
136 31 1
136 24 1
136 16 1
136 10 1
136 1 1
137 152 1
137 167 1
137 150 1
137 163 1
137 176 1
137 189 1
137 138 1
137 139 1
137 151 1
137 165 1
137 179 1
137 193 1
137 136 1
137 135 1
137 134 1
137 133 1
137 132 1
137 131 1
137 130 1
137 129 1
137 128 1
137 127 1
137 126 1
137 124 1
137 123 1
137 122 1
137 111 1
137 109 1
137 107 1
137 95 1
137 92 1
137 81 1
137 77 1
137 67 1
137 62 1
137 53 1
137 47 1
137 39 1
137 32 1
137 25 1
137 17 1
137 11 1
137 2 1
138 153 1
138 151 1
138 164 1
138 177 1
138 190 1
138 139 1
138 152 1
138 166 1
138 180 1
138 194 1
138 137 1
138 136 1
138 135 1
138 134 1
138 133 1
138 132 1
138 131 1
138 130 1
138 129 1
138 128 1
138 127 1
138 126 1
138 125 1
138 124 1
138 123 1
138 110 1
138 108 1
138 96 1
138 93 1
138 82 1
138 78 1
138 68 1
138 63 1
138 54 1
138 48 1
138 40 1
138 33 1
138 26 1
138 18 1
138 12 1
138 3 1
139 152 1
139 165 1
139 178 1
139 191 1
139 153 1
139 167 1
139 181 1
139 195 1
139 138 1
139 137 1
139 136 1
139 135 1
139 134 1
139 133 1
139 132 1
139 131 1
139 130 1
139 129 1
139 128 1
139 127 1
139 126 1
139 125 1
139 124 1
139 111 1
139 109 1
139 97 1
139 94 1
139 83 1
139 79 1
139 69 1
139 64 1
139 55 1
139 49 1
139 41 1
139 34 1
139 27 1
139 19 1
139 13 1
139 4 1
140 155 1
140 170 1
140 185 1
140 141 1
140 142 1
140 143 1
140 144 1
140 145 1
140 146 1
140 147 1
140 148 1
140 149 1
140 150 1
140 151 1
140 152 1
140 153 1
140 154 1
140 168 1
140 182 1
140 127 1
140 126 1
140 114 1
140 112 1
140 101 1
140 98 1
140 88 1
140 84 1
140 75 1
140 70 1
140 62 1
140 56 1
140 49 1
140 42 1
140 36 1
140 28 1
140 23 1
140 14 1
140 10 1
140 0 1
141 156 1
141 171 1
141 186 1
141 154 1
141 142 1
141 143 1
141 144 1
141 145 1
141 146 1
141 147 1
141 148 1
141 149 1
141 150 1
141 151 1
141 152 1
141 153 1
141 155 1
141 169 1
141 183 1
141 140 1
141 128 1
141 127 1
141 126 1
141 115 1
141 113 1
141 102 1
141 99 1
141 89 1
141 85 1
141 76 1
141 71 1
141 63 1
141 57 1
141 50 1
141 43 1
141 37 1
141 29 1
141 24 1
141 15 1
141 11 1
141 1 1
142 157 1
142 172 1
142 187 1
142 155 1
142 168 1
142 143 1
142 144 1
142 145 1
142 146 1
142 147 1
142 148 1
142 149 1
142 150 1
142 151 1
142 152 1
142 153 1
142 156 1
142 170 1
142 184 1
142 141 1
142 140 1
142 129 1
142 128 1
142 127 1
142 116 1
142 114 1
142 112 1
142 103 1
142 100 1
142 90 1
142 86 1
142 77 1
142 72 1
142 64 1
142 58 1
142 51 1
142 44 1
142 38 1
142 30 1
142 25 1
142 16 1
142 12 1
142 2 1
143 158 1
143 173 1
143 188 1
143 156 1
143 169 1
143 182 1
143 144 1
143 145 1
143 146 1
143 147 1
143 148 1
143 149 1
143 150 1
143 151 1
143 152 1
143 153 1
143 157 1
143 171 1
143 185 1
143 142 1
143 141 1
143 140 1
143 130 1
143 129 1
143 128 1
143 117 1
143 115 1
143 113 1
143 104 1
143 101 1
143 98 1
143 91 1
143 87 1
143 78 1
143 73 1
143 65 1
143 59 1
143 52 1
143 45 1
143 39 1
143 31 1
143 26 1
143 17 1
143 13 1
143 3 1
144 159 1
144 174 1
144 189 1
144 157 1
144 170 1
144 183 1
144 145 1
144 146 1
144 147 1
144 148 1
144 149 1
144 150 1
144 151 1
144 152 1
144 153 1
144 158 1
144 172 1
144 186 1
144 143 1
144 142 1
144 141 1
144 140 1
144 131 1
144 130 1
144 129 1
144 118 1
144 116 1
144 114 1
144 105 1
144 102 1
144 99 1
144 92 1
144 88 1
144 84 1
144 79 1
144 74 1
144 66 1
144 60 1
144 53 1
144 46 1
144 40 1
144 32 1
144 27 1
144 18 1
144 4 1
145 160 1
145 175 1
145 190 1
145 158 1
145 171 1
145 184 1
145 146 1
145 147 1
145 148 1
145 149 1
145 150 1
145 151 1
145 152 1
145 153 1
145 159 1
145 173 1
145 187 1
145 144 1
145 143 1
145 142 1
145 141 1
145 140 1
145 132 1
145 131 1
145 130 1
145 119 1
145 117 1
145 115 1
145 106 1
145 103 1
145 100 1
145 93 1
145 89 1
145 85 1
145 80 1
145 75 1
145 70 1
145 67 1
145 61 1
145 54 1
145 47 1
145 41 1
145 33 1
145 19 1
145 5 1
146 161 1
146 176 1
146 191 1
146 159 1
146 172 1
146 185 1
146 147 1
146 148 1
146 149 1
146 150 1
146 151 1
146 152 1
146 153 1
146 160 1
146 174 1
146 188 1
146 145 1
146 144 1
146 143 1
146 142 1
146 141 1
146 140 1
146 133 1
146 132 1
146 131 1
146 120 1
146 118 1
146 116 1
146 107 1
146 104 1
146 101 1
146 94 1
146 90 1
146 86 1
146 81 1
146 76 1
146 71 1
146 68 1
146 62 1
146 56 1
146 55 1
146 48 1
146 34 1
146 20 1
146 6 1
147 162 1
147 177 1
147 192 1
147 160 1
147 173 1
147 186 1
147 148 1
147 149 1
147 150 1
147 151 1
147 152 1
147 153 1
147 161 1
147 175 1
147 189 1
147 146 1
147 145 1
147 144 1
147 143 1
147 142 1
147 141 1
147 140 1
147 134 1
147 133 1
147 132 1
147 121 1
147 119 1
147 117 1
147 108 1
147 105 1
147 102 1
147 95 1
147 91 1
147 87 1
147 82 1
147 77 1
147 72 1
147 69 1
147 63 1
147 57 1
147 49 1
147 42 1
147 35 1
147 21 1
147 7 1
148 163 1
148 178 1
148 193 1
148 161 1
148 174 1
148 187 1
148 149 1
148 150 1
148 151 1
148 152 1
148 153 1
148 162 1
148 176 1
148 190 1
148 147 1
148 146 1
148 145 1
148 144 1
148 143 1
148 142 1
148 141 1
148 140 1
148 135 1
148 134 1
148 133 1
148 122 1
148 120 1
148 118 1
148 109 1
148 106 1
148 103 1
148 96 1
148 92 1
148 88 1
148 83 1
148 78 1
148 73 1
148 64 1
148 58 1
148 50 1
148 43 1
148 36 1
148 28 1
148 22 1
148 8 1
149 164 1
149 179 1
149 194 1
149 162 1
149 175 1
149 188 1
149 150 1
149 151 1
149 152 1
149 153 1
149 163 1
149 177 1
149 191 1
149 148 1
149 147 1
149 146 1
149 145 1
149 144 1
149 143 1
149 142 1
149 141 1
149 140 1
149 136 1
149 135 1
149 134 1
149 123 1
149 121 1
149 119 1
149 110 1
149 107 1
149 104 1
149 97 1
149 93 1
149 89 1
149 79 1
149 74 1
149 65 1
149 59 1
149 51 1
149 44 1
149 37 1
149 29 1
149 23 1
149 14 1
149 9 1
150 165 1
150 180 1
150 195 1
150 163 1
150 176 1
150 189 1
150 151 1
150 152 1
150 153 1
150 164 1
150 178 1
150 192 1
150 149 1
150 148 1
150 147 1
150 146 1
150 145 1
150 144 1
150 143 1
150 142 1
150 141 1
150 140 1
150 137 1
150 136 1
150 135 1
150 124 1
150 122 1
150 120 1
150 111 1
150 108 1
150 105 1
150 94 1
150 90 1
150 80 1
150 75 1
150 66 1
150 60 1
150 52 1
150 45 1
150 38 1
150 30 1
150 24 1
150 15 1
150 10 1
150 0 1
151 166 1
151 181 1
151 164 1
151 177 1
151 190 1
151 152 1
151 153 1
151 165 1
151 179 1
151 193 1
151 150 1
151 149 1
151 148 1
151 147 1
151 146 1
151 145 1
151 144 1
151 143 1
151 142 1
151 141 1
151 140 1
151 138 1
151 137 1
151 136 1
151 125 1
151 123 1
151 121 1
151 109 1
151 106 1
151 95 1
151 91 1
151 81 1
151 76 1
151 67 1
151 61 1
151 53 1
151 46 1
151 39 1
151 31 1
151 25 1
151 16 1
151 11 1
151 1 1
152 167 1
152 165 1
152 178 1
152 191 1
152 153 1
152 166 1
152 180 1
152 194 1
152 151 1
152 150 1
152 149 1
152 148 1
152 147 1
152 146 1
152 145 1
152 144 1
152 143 1
152 142 1
152 141 1
152 140 1
152 139 1
152 138 1
152 137 1
152 124 1
152 122 1
152 110 1
152 107 1
152 96 1
152 92 1
152 82 1
152 77 1
152 68 1
152 62 1
152 54 1
152 47 1
152 40 1
152 32 1
152 26 1
152 17 1
152 12 1
152 2 1
153 166 1
153 179 1
153 192 1
153 167 1
153 181 1
153 195 1
153 152 1
153 151 1
153 150 1
153 149 1
153 148 1
153 147 1
153 146 1
153 145 1
153 144 1
153 143 1
153 142 1
153 141 1
153 140 1
153 139 1
153 138 1
153 125 1
153 123 1
153 111 1
153 108 1
153 97 1
153 93 1
153 83 1
153 78 1
153 69 1
153 63 1
153 55 1
153 48 1
153 41 1
153 33 1
153 27 1
153 18 1
153 13 1
153 3 1
154 169 1
154 184 1
154 155 1
154 156 1
154 157 1
154 158 1
154 159 1
154 160 1
154 161 1
154 162 1
154 163 1
154 164 1
154 165 1
154 166 1
154 167 1
154 168 1
154 182 1
154 141 1
154 140 1
154 128 1
154 126 1
154 115 1
154 112 1
154 102 1
154 98 1
154 89 1
154 84 1
154 76 1
154 70 1
154 63 1
154 56 1
154 50 1
154 42 1
154 37 1
154 28 1
154 24 1
154 14 1
154 11 1
154 0 1
155 170 1
155 185 1
155 168 1
155 156 1
155 157 1
155 158 1
155 159 1
155 160 1
155 161 1
155 162 1
155 163 1
155 164 1
155 165 1
155 166 1
155 167 1
155 169 1
155 183 1
155 154 1
155 142 1
155 141 1
155 140 1
155 129 1
155 127 1
155 116 1
155 113 1
155 103 1
155 99 1
155 90 1
155 85 1
155 77 1
155 71 1
155 64 1
155 57 1
155 51 1
155 43 1
155 38 1
155 29 1
155 25 1
155 15 1
155 12 1
155 1 1
156 171 1
156 186 1
156 169 1
156 182 1
156 157 1
156 158 1
156 159 1
156 160 1
156 161 1
156 162 1
156 163 1
156 164 1
156 165 1
156 166 1
156 167 1
156 170 1
156 184 1
156 155 1
156 154 1
156 143 1
156 142 1
156 141 1
156 130 1
156 128 1
156 126 1
156 117 1
156 114 1
156 104 1
156 100 1
156 91 1
156 86 1
156 78 1
156 72 1
156 65 1
156 58 1
156 52 1
156 44 1
156 39 1
156 30 1
156 26 1
156 16 1
156 13 1
156 2 1
157 172 1
157 187 1
157 170 1
157 183 1
157 158 1
157 159 1
157 160 1
157 161 1
157 162 1
157 163 1
157 164 1
157 165 1
157 166 1
157 167 1
157 171 1
157 185 1
157 156 1
157 155 1
157 154 1
157 144 1
157 143 1
157 142 1
157 131 1
157 129 1
157 127 1
157 118 1
157 115 1
157 112 1
157 105 1
157 101 1
157 92 1
157 87 1
157 79 1
157 73 1
157 66 1
157 59 1
157 53 1
157 45 1
157 40 1
157 31 1
157 27 1
157 17 1
157 3 1
158 173 1
158 188 1
158 171 1
158 184 1
158 159 1
158 160 1
158 161 1
158 162 1
158 163 1
158 164 1
158 165 1
158 166 1
158 167 1
158 172 1
158 186 1
158 157 1
158 156 1
158 155 1
158 154 1
158 145 1
158 144 1
158 143 1
158 132 1
158 130 1
158 128 1
158 119 1
158 116 1
158 113 1
158 106 1
158 102 1
158 98 1
158 93 1
158 88 1
158 80 1
158 74 1
158 67 1
158 60 1
158 54 1
158 46 1
158 41 1
158 32 1
158 18 1
158 4 1
159 174 1
159 189 1
159 172 1
159 185 1
159 160 1
159 161 1
159 162 1
159 163 1
159 164 1
159 165 1
159 166 1
159 167 1
159 173 1
159 187 1
159 158 1
159 157 1
159 156 1
159 155 1
159 154 1
159 146 1
159 145 1
159 144 1
159 133 1
159 131 1
159 129 1
159 120 1
159 117 1
159 114 1
159 107 1
159 103 1
159 99 1
159 94 1
159 89 1
159 84 1
159 81 1
159 75 1
159 68 1
159 61 1
159 55 1
159 47 1
159 33 1
159 19 1
159 5 1
160 175 1
160 190 1
160 173 1
160 186 1
160 161 1
160 162 1
160 163 1
160 164 1
160 165 1
160 166 1
160 167 1
160 174 1
160 188 1
160 159 1
160 158 1
160 157 1
160 156 1
160 155 1
160 154 1
160 147 1
160 146 1
160 145 1
160 134 1
160 132 1
160 130 1
160 121 1
160 118 1
160 115 1
160 108 1
160 104 1
160 100 1
160 95 1
160 90 1
160 85 1
160 82 1
160 76 1
160 70 1
160 69 1
160 62 1
160 48 1
160 34 1
160 20 1
160 6 1
161 176 1
161 191 1
161 174 1
161 187 1
161 162 1
161 163 1
161 164 1
161 165 1
161 166 1
161 167 1
161 175 1
161 189 1
161 160 1
161 159 1
161 158 1
161 157 1
161 156 1
161 155 1
161 154 1
161 148 1
161 147 1
161 146 1
161 135 1
161 133 1
161 131 1
161 122 1
161 119 1
161 116 1
161 109 1
161 105 1
161 101 1
161 96 1
161 91 1
161 86 1
161 83 1
161 77 1
161 71 1
161 63 1
161 56 1
161 49 1
161 35 1
161 21 1
161 7 1
162 177 1
162 192 1
162 175 1
162 188 1
162 163 1
162 164 1
162 165 1
162 166 1
162 167 1
162 176 1
162 190 1
162 161 1
162 160 1
162 159 1
162 158 1
162 157 1
162 156 1
162 155 1
162 154 1
162 149 1
162 148 1
162 147 1
162 136 1
162 134 1
162 132 1
162 123 1
162 120 1
162 117 1
162 110 1
162 106 1
162 102 1
162 97 1
162 92 1
162 87 1
162 78 1
162 72 1
162 64 1
162 57 1
162 50 1
162 42 1
162 36 1
162 22 1
162 8 1
163 178 1
163 193 1
163 176 1
163 189 1
163 164 1
163 165 1
163 166 1
163 167 1
163 177 1
163 191 1
163 162 1
163 161 1
163 160 1
163 159 1
163 158 1
163 157 1
163 156 1
163 155 1
163 154 1
163 150 1
163 149 1
163 148 1
163 137 1
163 135 1
163 133 1
163 124 1
163 121 1
163 118 1
163 111 1
163 107 1
163 103 1
163 93 1
163 88 1
163 79 1
163 73 1
163 65 1
163 58 1
163 51 1
163 43 1
163 37 1
163 28 1
163 23 1
163 9 1
164 179 1
164 194 1
164 177 1
164 190 1
164 165 1
164 166 1
164 167 1
164 178 1
164 192 1
164 163 1
164 162 1
164 161 1
164 160 1
164 159 1
164 158 1
164 157 1
164 156 1
164 155 1
164 154 1
164 151 1
164 150 1
164 149 1
164 138 1
164 136 1
164 134 1
164 125 1
164 122 1
164 119 1
164 108 1
164 104 1
164 94 1
164 89 1
164 80 1
164 74 1
164 66 1
164 59 1
164 52 1
164 44 1
164 38 1
164 29 1
164 24 1
164 14 1
164 10 1
165 180 1
165 195 1
165 178 1
165 191 1
165 166 1
165 167 1
165 179 1
165 193 1
165 164 1
165 163 1
165 162 1
165 161 1
165 160 1
165 159 1
165 158 1
165 157 1
165 156 1
165 155 1
165 154 1
165 152 1
165 151 1
165 150 1
165 139 1
165 137 1
165 135 1
165 123 1
165 120 1
165 109 1
165 105 1
165 95 1
165 90 1
165 81 1
165 75 1
165 67 1
165 60 1
165 53 1
165 45 1
165 39 1
165 30 1
165 25 1
165 15 1
165 11 1
165 0 1
166 181 1
166 179 1
166 192 1
166 167 1
166 180 1
166 194 1
166 165 1
166 164 1
166 163 1
166 162 1
166 161 1
166 160 1
166 159 1
166 158 1
166 157 1
166 156 1
166 155 1
166 154 1
166 153 1
166 152 1
166 151 1
166 138 1
166 136 1
166 124 1
166 121 1
166 110 1
166 106 1
166 96 1
166 91 1
166 82 1
166 76 1
166 68 1
166 61 1
166 54 1
166 46 1
166 40 1
166 31 1
166 26 1
166 16 1
166 12 1
166 1 1
167 180 1
167 193 1
167 181 1
167 195 1
167 166 1
167 165 1
167 164 1
167 163 1
167 162 1
167 161 1
167 160 1
167 159 1
167 158 1
167 157 1
167 156 1
167 155 1
167 154 1
167 153 1
167 152 1
167 139 1
167 137 1
167 125 1
167 122 1
167 111 1
167 107 1
167 97 1
167 92 1
167 83 1
167 77 1
167 69 1
167 62 1
167 55 1
167 47 1
167 41 1
167 32 1
167 27 1
167 17 1
167 13 1
167 2 1
168 183 1
168 169 1
168 170 1
168 171 1
168 172 1
168 173 1
168 174 1
168 175 1
168 176 1
168 177 1
168 178 1
168 179 1
168 180 1
168 181 1
168 182 1
168 155 1
168 154 1
168 142 1
168 140 1
168 129 1
168 126 1
168 116 1
168 112 1
168 103 1
168 98 1
168 90 1
168 84 1
168 77 1
168 70 1
168 64 1
168 56 1
168 51 1
168 42 1
168 38 1
168 28 1
168 25 1
168 14 1
168 12 1
168 0 1
169 184 1
169 182 1
169 170 1
169 171 1
169 172 1
169 173 1
169 174 1
169 175 1
169 176 1
169 177 1
169 178 1
169 179 1
169 180 1
169 181 1
169 183 1
169 168 1
169 156 1
169 155 1
169 154 1
169 143 1
169 141 1
169 130 1
169 127 1
169 117 1
169 113 1
169 104 1
169 99 1
169 91 1
169 85 1
169 78 1
169 71 1
169 65 1
169 57 1
169 52 1
169 43 1
169 39 1
169 29 1
169 26 1
169 15 1
169 13 1
169 1 1
170 185 1
170 183 1
170 171 1
170 172 1
170 173 1
170 174 1
170 175 1
170 176 1
170 177 1
170 178 1
170 179 1
170 180 1
170 181 1
170 184 1
170 169 1
170 168 1
170 157 1
170 156 1
170 155 1
170 144 1
170 142 1
170 140 1
170 131 1
170 128 1
170 118 1
170 114 1
170 105 1
170 100 1
170 92 1
170 86 1
170 79 1
170 72 1
170 66 1
170 58 1
170 53 1
170 44 1
170 40 1
170 30 1
170 27 1
170 16 1
170 2 1
171 186 1
171 184 1
171 172 1
171 173 1
171 174 1
171 175 1
171 176 1
171 177 1
171 178 1
171 179 1
171 180 1
171 181 1
171 185 1
171 170 1
171 169 1
171 168 1
171 158 1
171 157 1
171 156 1
171 145 1
171 143 1
171 141 1
171 132 1
171 129 1
171 126 1
171 119 1
171 115 1
171 106 1
171 101 1
171 93 1
171 87 1
171 80 1
171 73 1
171 67 1
171 59 1
171 54 1
171 45 1
171 41 1
171 31 1
171 17 1
171 3 1
172 187 1
172 185 1
172 173 1
172 174 1
172 175 1
172 176 1
172 177 1
172 178 1
172 179 1
172 180 1
172 181 1
172 186 1
172 171 1
172 170 1
172 169 1
172 168 1
172 159 1
172 158 1
172 157 1
172 146 1
172 144 1
172 142 1
172 133 1
172 130 1
172 127 1
172 120 1
172 116 1
172 112 1
172 107 1
172 102 1
172 94 1
172 88 1
172 81 1
172 74 1
172 68 1
172 60 1
172 55 1
172 46 1
172 32 1
172 18 1
172 4 1
173 188 1
173 186 1
173 174 1
173 175 1
173 176 1
173 177 1
173 178 1
173 179 1
173 180 1
173 181 1
173 187 1
173 172 1
173 171 1
173 170 1
173 169 1
173 168 1
173 160 1
173 159 1
173 158 1
173 147 1
173 145 1
173 143 1
173 134 1
173 131 1
173 128 1
173 121 1
173 117 1
173 113 1
173 108 1
173 103 1
173 98 1
173 95 1
173 89 1
173 82 1
173 75 1
173 69 1
173 61 1
173 47 1
173 33 1
173 19 1
173 5 1
174 189 1
174 187 1
174 175 1
174 176 1
174 177 1
174 178 1
174 179 1
174 180 1
174 181 1
174 188 1
174 173 1
174 172 1
174 171 1
174 170 1
174 169 1
174 168 1
174 161 1
174 160 1
174 159 1
174 148 1
174 146 1
174 144 1
174 135 1
174 132 1
174 129 1
174 122 1
174 118 1
174 114 1
174 109 1
174 104 1
174 99 1
174 96 1
174 90 1
174 84 1
174 83 1
174 76 1
174 62 1
174 48 1
174 34 1
174 20 1
174 6 1
175 190 1
175 188 1
175 176 1
175 177 1
175 178 1
175 179 1
175 180 1
175 181 1
175 189 1
175 174 1
175 173 1
175 172 1
175 171 1
175 170 1
175 169 1
175 168 1
175 162 1
175 161 1
175 160 1
175 149 1
175 147 1
175 145 1
175 136 1
175 133 1
175 130 1
175 123 1
175 119 1
175 115 1
175 110 1
175 105 1
175 100 1
175 97 1
175 91 1
175 85 1
175 77 1
175 70 1
175 63 1
175 49 1
175 35 1
175 21 1
175 7 1
176 191 1
176 189 1
176 177 1
176 178 1
176 179 1
176 180 1
176 181 1
176 190 1
176 175 1
176 174 1
176 173 1
176 172 1
176 171 1
176 170 1
176 169 1
176 168 1
176 163 1
176 162 1
176 161 1
176 150 1
176 148 1
176 146 1
176 137 1
176 134 1
176 131 1
176 124 1
176 120 1
176 116 1
176 111 1
176 106 1
176 101 1
176 92 1
176 86 1
176 78 1
176 71 1
176 64 1
176 56 1
176 50 1
176 36 1
176 22 1
176 8 1
177 192 1
177 190 1
177 178 1
177 179 1
177 180 1
177 181 1
177 191 1
177 176 1
177 175 1
177 174 1
177 173 1
177 172 1
177 171 1
177 170 1
177 169 1
177 168 1
177 164 1
177 163 1
177 162 1
177 151 1
177 149 1
177 147 1
177 138 1
177 135 1
177 132 1
177 125 1
177 121 1
177 117 1
177 107 1
177 102 1
177 93 1
177 87 1
177 79 1
177 72 1
177 65 1
177 57 1
177 51 1
177 42 1
177 37 1
177 23 1
177 9 1
178 193 1
178 191 1
178 179 1
178 180 1
178 181 1
178 192 1
178 177 1
178 176 1
178 175 1
178 174 1
178 173 1
178 172 1
178 171 1
178 170 1
178 169 1
178 168 1
178 165 1
178 164 1
178 163 1
178 152 1
178 150 1
178 148 1
178 139 1
178 136 1
178 133 1
178 122 1
178 118 1
178 108 1
178 103 1
178 94 1
178 88 1
178 80 1
178 73 1
178 66 1
178 58 1
178 52 1
178 43 1
178 38 1
178 28 1
178 24 1
178 10 1
179 194 1
179 192 1
179 180 1
179 181 1
179 193 1
179 178 1
179 177 1
179 176 1
179 175 1
179 174 1
179 173 1
179 172 1
179 171 1
179 170 1
179 169 1
179 168 1
179 166 1
179 165 1
179 164 1
179 153 1
179 151 1
179 149 1
179 137 1
179 134 1
179 123 1
179 119 1
179 109 1
179 104 1
179 95 1
179 89 1
179 81 1
179 74 1
179 67 1
179 59 1
179 53 1
179 44 1
179 39 1
179 29 1
179 25 1
179 14 1
179 11 1
180 195 1
180 193 1
180 181 1
180 194 1
180 179 1
180 178 1
180 177 1
180 176 1
180 175 1
180 174 1
180 173 1
180 172 1
180 171 1
180 170 1
180 169 1
180 168 1
180 167 1
180 166 1
180 165 1
180 152 1
180 150 1
180 138 1
180 135 1
180 124 1
180 120 1
180 110 1
180 105 1
180 96 1
180 90 1
180 82 1
180 75 1
180 68 1
180 60 1
180 54 1
180 45 1
180 40 1
180 30 1
180 26 1
180 15 1
180 12 1
180 0 1
181 194 1
181 195 1
181 180 1
181 179 1
181 178 1
181 177 1
181 176 1
181 175 1
181 174 1
181 173 1
181 172 1
181 171 1
181 170 1
181 169 1
181 168 1
181 167 1
181 166 1
181 153 1
181 151 1
181 139 1
181 136 1
181 125 1
181 121 1
181 111 1
181 106 1
181 97 1
181 91 1
181 83 1
181 76 1
181 69 1
181 61 1
181 55 1
181 46 1
181 41 1
181 31 1
181 27 1
181 16 1
181 13 1
181 1 1
182 183 1
182 184 1
182 185 1
182 186 1
182 187 1
182 188 1
182 189 1
182 190 1
182 191 1
182 192 1
182 193 1
182 194 1
182 195 1
182 169 1
182 168 1
182 156 1
182 154 1
182 143 1
182 140 1
182 130 1
182 126 1
182 117 1
182 112 1
182 104 1
182 98 1
182 91 1
182 84 1
182 78 1
182 70 1
182 65 1
182 56 1
182 52 1
182 42 1
182 39 1
182 28 1
182 26 1
182 14 1
182 13 1
182 0 1
183 184 1
183 185 1
183 186 1
183 187 1
183 188 1
183 189 1
183 190 1
183 191 1
183 192 1
183 193 1
183 194 1
183 195 1
183 182 1
183 170 1
183 169 1
183 168 1
183 157 1
183 155 1
183 144 1
183 141 1
183 131 1
183 127 1
183 118 1
183 113 1
183 105 1
183 99 1
183 92 1
183 85 1
183 79 1
183 71 1
183 66 1
183 57 1
183 53 1
183 43 1
183 40 1
183 29 1
183 27 1
183 15 1
183 1 1
184 185 1
184 186 1
184 187 1
184 188 1
184 189 1
184 190 1
184 191 1
184 192 1
184 193 1
184 194 1
184 195 1
184 183 1
184 182 1
184 171 1
184 170 1
184 169 1
184 158 1
184 156 1
184 154 1
184 145 1
184 142 1
184 132 1
184 128 1
184 119 1
184 114 1
184 106 1
184 100 1
184 93 1
184 86 1
184 80 1
184 72 1
184 67 1
184 58 1
184 54 1
184 44 1
184 41 1
184 30 1
184 16 1
184 2 1
185 186 1
185 187 1
185 188 1
185 189 1
185 190 1
185 191 1
185 192 1
185 193 1
185 194 1
185 195 1
185 184 1
185 183 1
185 182 1
185 172 1
185 171 1
185 170 1
185 159 1
185 157 1
185 155 1
185 146 1
185 143 1
185 140 1
185 133 1
185 129 1
185 120 1
185 115 1
185 107 1
185 101 1
185 94 1
185 87 1
185 81 1
185 73 1
185 68 1
185 59 1
185 55 1
185 45 1
185 31 1
185 17 1
185 3 1
186 187 1
186 188 1
186 189 1
186 190 1
186 191 1
186 192 1
186 193 1
186 194 1
186 195 1
186 185 1
186 184 1
186 183 1
186 182 1
186 173 1
186 172 1
186 171 1
186 160 1
186 158 1
186 156 1
186 147 1
186 144 1
186 141 1
186 134 1
186 130 1
186 126 1
186 121 1
186 116 1
186 108 1
186 102 1
186 95 1
186 88 1
186 82 1
186 74 1
186 69 1
186 60 1
186 46 1
186 32 1
186 18 1
186 4 1
187 188 1
187 189 1
187 190 1
187 191 1
187 192 1
187 193 1
187 194 1
187 195 1
187 186 1
187 185 1
187 184 1
187 183 1
187 182 1
187 174 1
187 173 1
187 172 1
187 161 1
187 159 1
187 157 1
187 148 1
187 145 1
187 142 1
187 135 1
187 131 1
187 127 1
187 122 1
187 117 1
187 112 1
187 109 1
187 103 1
187 96 1
187 89 1
187 83 1
187 75 1
187 61 1
187 47 1
187 33 1
187 19 1
187 5 1
188 189 1
188 190 1
188 191 1
188 192 1
188 193 1
188 194 1
188 195 1
188 187 1
188 186 1
188 185 1
188 184 1
188 183 1
188 182 1
188 175 1
188 174 1
188 173 1
188 162 1
188 160 1
188 158 1
188 149 1
188 146 1
188 143 1
188 136 1
188 132 1
188 128 1
188 123 1
188 118 1
188 113 1
188 110 1
188 104 1
188 98 1
188 97 1
188 90 1
188 76 1
188 62 1
188 48 1
188 34 1
188 20 1
188 6 1
189 190 1
189 191 1
189 192 1
189 193 1
189 194 1
189 195 1
189 188 1
189 187 1
189 186 1
189 185 1
189 184 1
189 183 1
189 182 1
189 176 1
189 175 1
189 174 1
189 163 1
189 161 1
189 159 1
189 150 1
189 147 1
189 144 1
189 137 1
189 133 1
189 129 1
189 124 1
189 119 1
189 114 1
189 111 1
189 105 1
189 99 1
189 91 1
189 84 1
189 77 1
189 63 1
189 49 1
189 35 1
189 21 1
189 7 1
190 191 1
190 192 1
190 193 1
190 194 1
190 195 1
190 189 1
190 188 1
190 187 1
190 186 1
190 185 1
190 184 1
190 183 1
190 182 1
190 177 1
190 176 1
190 175 1
190 164 1
190 162 1
190 160 1
190 151 1
190 148 1
190 145 1
190 138 1
190 134 1
190 130 1
190 125 1
190 120 1
190 115 1
190 106 1
190 100 1
190 92 1
190 85 1
190 78 1
190 70 1
190 64 1
190 50 1
190 36 1
190 22 1
190 8 1
191 192 1
191 193 1
191 194 1
191 195 1
191 190 1
191 189 1
191 188 1
191 187 1
191 186 1
191 185 1
191 184 1
191 183 1
191 182 1
191 178 1
191 177 1
191 176 1
191 165 1
191 163 1
191 161 1
191 152 1
191 149 1
191 146 1
191 139 1
191 135 1
191 131 1
191 121 1
191 116 1
191 107 1
191 101 1
191 93 1
191 86 1
191 79 1
191 71 1
191 65 1
191 56 1
191 51 1
191 37 1
191 23 1
191 9 1
192 193 1
192 194 1
192 195 1
192 191 1
192 190 1
192 189 1
192 188 1
192 187 1
192 186 1
192 185 1
192 184 1
192 183 1
192 182 1
192 179 1
192 178 1
192 177 1
192 166 1
192 164 1
192 162 1
192 153 1
192 150 1
192 147 1
192 136 1
192 132 1
192 122 1
192 117 1
192 108 1
192 102 1
192 94 1
192 87 1
192 80 1
192 72 1
192 66 1
192 57 1
192 52 1
192 42 1
192 38 1
192 24 1
192 10 1
193 194 1
193 195 1
193 192 1
193 191 1
193 190 1
193 189 1
193 188 1
193 187 1
193 186 1
193 185 1
193 184 1
193 183 1
193 182 1
193 180 1
193 179 1
193 178 1
193 167 1
193 165 1
193 163 1
193 151 1
193 148 1
193 137 1
193 133 1
193 123 1
193 118 1
193 109 1
193 103 1
193 95 1
193 88 1
193 81 1
193 73 1
193 67 1
193 58 1
193 53 1
193 43 1
193 39 1
193 28 1
193 25 1
193 11 1
194 195 1
194 193 1
194 192 1
194 191 1
194 190 1
194 189 1
194 188 1
194 187 1
194 186 1
194 185 1
194 184 1
194 183 1
194 182 1
194 181 1
194 180 1
194 179 1
194 166 1
194 164 1
194 152 1
194 149 1
194 138 1
194 134 1
194 124 1
194 119 1
194 110 1
194 104 1
194 96 1
194 89 1
194 82 1
194 74 1
194 68 1
194 59 1
194 54 1
194 44 1
194 40 1
194 29 1
194 26 1
194 14 1
194 12 1
195 194 1
195 193 1
195 192 1
195 191 1
195 190 1
195 189 1
195 188 1
195 187 1
195 186 1
195 185 1
195 184 1
195 183 1
195 182 1
195 181 1
195 180 1
195 167 1
195 165 1
195 153 1
195 150 1
195 139 1
195 135 1
195 125 1
195 120 1
195 111 1
195 105 1
195 97 1
195 90 1
195 83 1
195 75 1
195 69 1
195 60 1
195 55 1
195 45 1
195 41 1
195 30 1
195 27 1
195 15 1
195 13 1
195 0 1
;
end;