data;
param V := 169;
param E := 
0 14 1
0 28 1
0 42 1
0 56 1
0 70 1
0 84 1
0 98 1
0 112 1
0 126 1
0 140 1
0 154 1
0 168 1
0 1 1
0 2 1
0 3 1
0 4 1
0 5 1
0 6 1
0 7 1
0 8 1
0 9 1
0 10 1
0 11 1
0 12 1
0 13 1
0 26 1
0 39 1
0 52 1
0 65 1
0 78 1
0 91 1
0 104 1
0 117 1
0 130 1
0 143 1
0 156 1
1 15 1
1 29 1
1 43 1
1 57 1
1 71 1
1 85 1
1 99 1
1 113 1
1 127 1
1 141 1
1 155 1
1 13 1
1 2 1
1 3 1
1 4 1
1 5 1
1 6 1
1 7 1
1 8 1
1 9 1
1 10 1
1 11 1
1 12 1
1 14 1
1 27 1
1 40 1
1 53 1
1 66 1
1 79 1
1 92 1
1 105 1
1 118 1
1 131 1
1 144 1
1 157 1
1 0 1
2 16 1
2 30 1
2 44 1
2 58 1
2 72 1
2 86 1
2 100 1
2 114 1
2 128 1
2 142 1
2 14 1
2 26 1
2 3 1
2 4 1
2 5 1
2 6 1
2 7 1
2 8 1
2 9 1
2 10 1
2 11 1
2 12 1
2 15 1
2 28 1
2 41 1
2 54 1
2 67 1
2 80 1
2 93 1
2 106 1
2 119 1
2 132 1
2 145 1
2 158 1
2 1 1
2 0 1
3 17 1
3 31 1
3 45 1
3 59 1
3 73 1
3 87 1
3 101 1
3 115 1
3 129 1
3 15 1
3 27 1
3 39 1
3 4 1
3 5 1
3 6 1
3 7 1
3 8 1
3 9 1
3 10 1
3 11 1
3 12 1
3 16 1
3 29 1
3 42 1
3 55 1
3 68 1
3 81 1
3 94 1
3 107 1
3 120 1
3 133 1
3 146 1
3 159 1
3 2 1
3 1 1
3 0 1
4 18 1
4 32 1
4 46 1
4 60 1
4 74 1
4 88 1
4 102 1
4 116 1
4 16 1
4 28 1
4 40 1
4 52 1
4 5 1
4 6 1
4 7 1
4 8 1
4 9 1
4 10 1
4 11 1
4 12 1
4 17 1
4 30 1
4 43 1
4 56 1
4 69 1
4 82 1
4 95 1
4 108 1
4 121 1
4 134 1
4 147 1
4 160 1
4 3 1
4 2 1
4 1 1
4 0 1
5 19 1
5 33 1
5 47 1
5 61 1
5 75 1
5 89 1
5 103 1
5 17 1
5 29 1
5 41 1
5 53 1
5 65 1
5 6 1
5 7 1
5 8 1
5 9 1
5 10 1
5 11 1
5 12 1
5 18 1
5 31 1
5 44 1
5 57 1
5 70 1
5 83 1
5 96 1
5 109 1
5 122 1
5 135 1
5 148 1
5 161 1
5 4 1
5 3 1
5 2 1
5 1 1
5 0 1
6 20 1
6 34 1
6 48 1
6 62 1
6 76 1
6 90 1
6 18 1
6 30 1
6 42 1
6 54 1
6 66 1
6 78 1
6 7 1
6 8 1
6 9 1
6 10 1
6 11 1
6 12 1
6 19 1
6 32 1
6 45 1
6 58 1
6 71 1
6 84 1
6 97 1
6 110 1
6 123 1
6 136 1
6 149 1
6 162 1
6 5 1
6 4 1
6 3 1
6 2 1
6 1 1
6 0 1
7 21 1
7 35 1
7 49 1
7 63 1
7 77 1
7 19 1
7 31 1
7 43 1
7 55 1
7 67 1
7 79 1
7 91 1
7 8 1
7 9 1
7 10 1
7 11 1
7 12 1
7 20 1
7 33 1
7 46 1
7 59 1
7 72 1
7 85 1
7 98 1
7 111 1
7 124 1
7 137 1
7 150 1
7 163 1
7 6 1
7 5 1
7 4 1
7 3 1
7 2 1
7 1 1
7 0 1
8 22 1
8 36 1
8 50 1
8 64 1
8 20 1
8 32 1
8 44 1
8 56 1
8 68 1
8 80 1
8 92 1
8 104 1
8 9 1
8 10 1
8 11 1
8 12 1
8 21 1
8 34 1
8 47 1
8 60 1
8 73 1
8 86 1
8 99 1
8 112 1
8 125 1
8 138 1
8 151 1
8 164 1
8 7 1
8 6 1
8 5 1
8 4 1
8 3 1
8 2 1
8 1 1
8 0 1
9 23 1
9 37 1
9 51 1
9 21 1
9 33 1
9 45 1
9 57 1
9 69 1
9 81 1
9 93 1
9 105 1
9 117 1
9 10 1
9 11 1
9 12 1
9 22 1
9 35 1
9 48 1
9 61 1
9 74 1
9 87 1
9 100 1
9 113 1
9 126 1
9 139 1
9 152 1
9 165 1
9 8 1
9 7 1
9 6 1
9 5 1
9 4 1
9 3 1
9 2 1
9 1 1
9 0 1
10 24 1
10 38 1
10 22 1
10 34 1
10 46 1
10 58 1
10 70 1
10 82 1
10 94 1
10 106 1
10 118 1
10 130 1
10 11 1
10 12 1
10 23 1
10 36 1
10 49 1
10 62 1
10 75 1
10 88 1
10 101 1
10 114 1
10 127 1
10 140 1
10 153 1
10 166 1
10 9 1
10 8 1
10 7 1
10 6 1
10 5 1
10 4 1
10 3 1
10 2 1
10 1 1
10 0 1
11 25 1
11 23 1
11 35 1
11 47 1
11 59 1
11 71 1
11 83 1
11 95 1
11 107 1
11 119 1
11 131 1
11 143 1
11 12 1
11 24 1
11 37 1
11 50 1
11 63 1
11 76 1
11 89 1
11 102 1
11 115 1
11 128 1
11 141 1
11 154 1
11 167 1
11 10 1
11 9 1
11 8 1
11 7 1
11 6 1
11 5 1
11 4 1
11 3 1
11 2 1
11 1 1
11 0 1
12 24 1
12 36 1
12 48 1
12 60 1
12 72 1
12 84 1
12 96 1
12 108 1
12 120 1
12 132 1
12 144 1
12 156 1
12 25 1
12 38 1
12 51 1
12 64 1
12 77 1
12 90 1
12 103 1
12 116 1
12 129 1
12 142 1
12 155 1
12 168 1
12 11 1
12 10 1
12 9 1
12 8 1
12 7 1
12 6 1
12 5 1
12 4 1
12 3 1
12 2 1
12 1 1
12 0 1
13 27 1
13 41 1
13 55 1
13 69 1
13 83 1
13 97 1
13 111 1
13 125 1
13 139 1
13 153 1
13 167 1
13 14 1
13 15 1
13 16 1
13 17 1
13 18 1
13 19 1
13 20 1
13 21 1
13 22 1
13 23 1
13 24 1
13 25 1
13 26 1
13 39 1
13 52 1
13 65 1
13 78 1
13 91 1
13 104 1
13 117 1
13 130 1
13 143 1
13 156 1
13 1 1
13 0 1
14 28 1
14 42 1
14 56 1
14 70 1
14 84 1
14 98 1
14 112 1
14 126 1
14 140 1
14 154 1
14 168 1
14 26 1
14 15 1
14 16 1
14 17 1
14 18 1
14 19 1
14 20 1
14 21 1
14 22 1
14 23 1
14 24 1
14 25 1
14 27 1
14 40 1
14 53 1
14 66 1
14 79 1
14 92 1
14 105 1
14 118 1
14 131 1
14 144 1
14 157 1
14 13 1
14 2 1
14 1 1
14 0 1
15 29 1
15 43 1
15 57 1
15 71 1
15 85 1
15 99 1
15 113 1
15 127 1
15 141 1
15 155 1
15 27 1
15 39 1
15 16 1
15 17 1
15 18 1
15 19 1
15 20 1
15 21 1
15 22 1
15 23 1
15 24 1
15 25 1
15 28 1
15 41 1
15 54 1
15 67 1
15 80 1
15 93 1
15 106 1
15 119 1
15 132 1
15 145 1
15 158 1
15 14 1
15 13 1
15 3 1
15 2 1
15 1 1
16 30 1
16 44 1
16 58 1
16 72 1
16 86 1
16 100 1
16 114 1
16 128 1
16 142 1
16 28 1
16 40 1
16 52 1
16 17 1
16 18 1
16 19 1
16 20 1
16 21 1
16 22 1
16 23 1
16 24 1
16 25 1
16 29 1
16 42 1
16 55 1
16 68 1
16 81 1
16 94 1
16 107 1
16 120 1
16 133 1
16 146 1
16 159 1
16 15 1
16 14 1
16 13 1
16 4 1
16 3 1
16 2 1
17 31 1
17 45 1
17 59 1
17 73 1
17 87 1
17 101 1
17 115 1
17 129 1
17 29 1
17 41 1
17 53 1
17 65 1
17 18 1
17 19 1
17 20 1
17 21 1
17 22 1
17 23 1
17 24 1
17 25 1
17 30 1
17 43 1
17 56 1
17 69 1
17 82 1
17 95 1
17 108 1
17 121 1
17 134 1
17 147 1
17 160 1
17 16 1
17 15 1
17 14 1
17 13 1
17 5 1
17 4 1
17 3 1
18 32 1
18 46 1
18 60 1
18 74 1
18 88 1
18 102 1
18 116 1
18 30 1
18 42 1
18 54 1
18 66 1
18 78 1
18 19 1
18 20 1
18 21 1
18 22 1
18 23 1
18 24 1
18 25 1
18 31 1
18 44 1
18 57 1
18 70 1
18 83 1
18 96 1
18 109 1
18 122 1
18 135 1
18 148 1
18 161 1
18 17 1
18 16 1
18 15 1
18 14 1
18 13 1
18 6 1
18 5 1
18 4 1
19 33 1
19 47 1
19 61 1
19 75 1
19 89 1
19 103 1
19 31 1
19 43 1
19 55 1
19 67 1
19 79 1
19 91 1
19 20 1
19 21 1
19 22 1
19 23 1
19 24 1
19 25 1
19 32 1
19 45 1
19 58 1
19 71 1
19 84 1
19 97 1
19 110 1
19 123 1
19 136 1
19 149 1
19 162 1
19 18 1
19 17 1
19 16 1
19 15 1
19 14 1
19 13 1
19 7 1
19 6 1
19 5 1
20 34 1
20 48 1
20 62 1
20 76 1
20 90 1
20 32 1
20 44 1
20 56 1
20 68 1
20 80 1
20 92 1
20 104 1
20 21 1
20 22 1
20 23 1
20 24 1
20 25 1
20 33 1
20 46 1
20 59 1
20 72 1
20 85 1
20 98 1
20 111 1
20 124 1
20 137 1
20 150 1
20 163 1
20 19 1
20 18 1
20 17 1
20 16 1
20 15 1
20 14 1
20 13 1
20 8 1
20 7 1
20 6 1
21 35 1
21 49 1
21 63 1
21 77 1
21 33 1
21 45 1
21 57 1
21 69 1
21 81 1
21 93 1
21 105 1
21 117 1
21 22 1
21 23 1
21 24 1
21 25 1
21 34 1
21 47 1
21 60 1
21 73 1
21 86 1
21 99 1
21 112 1
21 125 1
21 138 1
21 151 1
21 164 1
21 20 1
21 19 1
21 18 1
21 17 1
21 16 1
21 15 1
21 14 1
21 13 1
21 9 1
21 8 1
21 7 1
22 36 1
22 50 1
22 64 1
22 34 1
22 46 1
22 58 1
22 70 1
22 82 1
22 94 1
22 106 1
22 118 1
22 130 1
22 23 1
22 24 1
22 25 1
22 35 1
22 48 1
22 61 1
22 74 1
22 87 1
22 100 1
22 113 1
22 126 1
22 139 1
22 152 1
22 165 1
22 21 1
22 20 1
22 19 1
22 18 1
22 17 1
22 16 1
22 15 1
22 14 1
22 13 1
22 10 1
22 9 1
22 8 1
23 37 1
23 51 1
23 35 1
23 47 1
23 59 1
23 71 1
23 83 1
23 95 1
23 107 1
23 119 1
23 131 1
23 143 1
23 24 1
23 25 1
23 36 1
23 49 1
23 62 1
23 75 1
23 88 1
23 101 1
23 114 1
23 127 1
23 140 1
23 153 1
23 166 1
23 22 1
23 21 1
23 20 1
23 19 1
23 18 1
23 17 1
23 16 1
23 15 1
23 14 1
23 13 1
23 11 1
23 10 1
23 9 1
24 38 1
24 36 1
24 48 1
24 60 1
24 72 1
24 84 1
24 96 1
24 108 1
24 120 1
24 132 1
24 144 1
24 156 1
24 25 1
24 37 1
24 50 1
24 63 1
24 76 1
24 89 1
24 102 1
24 115 1
24 128 1
24 141 1
24 154 1
24 167 1
24 23 1
24 22 1
24 21 1
24 20 1
24 19 1
24 18 1
24 17 1
24 16 1
24 15 1
24 14 1
24 13 1
24 12 1
24 11 1
24 10 1
25 37 1
25 49 1
25 61 1
25 73 1
25 85 1
25 97 1
25 109 1
25 121 1
25 133 1
25 145 1
25 157 1
25 38 1
25 51 1
25 64 1
25 77 1
25 90 1
25 103 1
25 116 1
25 129 1
25 142 1
25 155 1
25 168 1
25 24 1
25 23 1
25 22 1
25 21 1
25 20 1
25 19 1
25 18 1
25 17 1
25 16 1
25 15 1
25 14 1
25 13 1
25 12 1
25 11 1
26 40 1
26 54 1
26 68 1
26 82 1
26 96 1
26 110 1
26 124 1
26 138 1
26 152 1
26 166 1
26 27 1
26 28 1
26 29 1
26 30 1
26 31 1
26 32 1
26 33 1
26 34 1
26 35 1
26 36 1
26 37 1
26 38 1
26 39 1
26 52 1
26 65 1
26 78 1
26 91 1
26 104 1
26 117 1
26 130 1
26 143 1
26 156 1
26 14 1
26 13 1
26 2 1
26 0 1
27 41 1
27 55 1
27 69 1
27 83 1
27 97 1
27 111 1
27 125 1
27 139 1
27 153 1
27 167 1
27 39 1
27 28 1
27 29 1
27 30 1
27 31 1
27 32 1
27 33 1
27 34 1
27 35 1
27 36 1
27 37 1
27 38 1
27 40 1
27 53 1
27 66 1
27 79 1
27 92 1
27 105 1
27 118 1
27 131 1
27 144 1
27 157 1
27 26 1
27 15 1
27 14 1
27 13 1
27 3 1
27 1 1
28 42 1
28 56 1
28 70 1
28 84 1
28 98 1
28 112 1
28 126 1
28 140 1
28 154 1
28 168 1
28 40 1
28 52 1
28 29 1
28 30 1
28 31 1
28 32 1
28 33 1
28 34 1
28 35 1
28 36 1
28 37 1
28 38 1
28 41 1
28 54 1
28 67 1
28 80 1
28 93 1
28 106 1
28 119 1
28 132 1
28 145 1
28 158 1
28 27 1
28 26 1
28 16 1
28 15 1
28 14 1
28 4 1
28 2 1
28 0 1
29 43 1
29 57 1
29 71 1
29 85 1
29 99 1
29 113 1
29 127 1
29 141 1
29 155 1
29 41 1
29 53 1
29 65 1
29 30 1
29 31 1
29 32 1
29 33 1
29 34 1
29 35 1
29 36 1
29 37 1
29 38 1
29 42 1
29 55 1
29 68 1
29 81 1
29 94 1
29 107 1
29 120 1
29 133 1
29 146 1
29 159 1
29 28 1
29 27 1
29 26 1
29 17 1
29 16 1
29 15 1
29 5 1
29 3 1
29 1 1
30 44 1
30 58 1
30 72 1
30 86 1
30 100 1
30 114 1
30 128 1
30 142 1
30 42 1
30 54 1
30 66 1
30 78 1
30 31 1
30 32 1
30 33 1
30 34 1
30 35 1
30 36 1
30 37 1
30 38 1
30 43 1
30 56 1
30 69 1
30 82 1
30 95 1
30 108 1
30 121 1
30 134 1
30 147 1
30 160 1
30 29 1
30 28 1
30 27 1
30 26 1
30 18 1
30 17 1
30 16 1
30 6 1
30 4 1
30 2 1
31 45 1
31 59 1
31 73 1
31 87 1
31 101 1
31 115 1
31 129 1
31 43 1
31 55 1
31 67 1
31 79 1
31 91 1
31 32 1
31 33 1
31 34 1
31 35 1
31 36 1
31 37 1
31 38 1
31 44 1
31 57 1
31 70 1
31 83 1
31 96 1
31 109 1
31 122 1
31 135 1
31 148 1
31 161 1
31 30 1
31 29 1
31 28 1
31 27 1
31 26 1
31 19 1
31 18 1
31 17 1
31 7 1
31 5 1
31 3 1
32 46 1
32 60 1
32 74 1
32 88 1
32 102 1
32 116 1
32 44 1
32 56 1
32 68 1
32 80 1
32 92 1
32 104 1
32 33 1
32 34 1
32 35 1
32 36 1
32 37 1
32 38 1
32 45 1
32 58 1
32 71 1
32 84 1
32 97 1
32 110 1
32 123 1
32 136 1
32 149 1
32 162 1
32 31 1
32 30 1
32 29 1
32 28 1
32 27 1
32 26 1
32 20 1
32 19 1
32 18 1
32 8 1
32 6 1
32 4 1
33 47 1
33 61 1
33 75 1
33 89 1
33 103 1
33 45 1
33 57 1
33 69 1
33 81 1
33 93 1
33 105 1
33 117 1
33 34 1
33 35 1
33 36 1
33 37 1
33 38 1
33 46 1
33 59 1
33 72 1
33 85 1
33 98 1
33 111 1
33 124 1
33 137 1
33 150 1
33 163 1
33 32 1
33 31 1
33 30 1
33 29 1
33 28 1
33 27 1
33 26 1
33 21 1
33 20 1
33 19 1
33 9 1
33 7 1
33 5 1
34 48 1
34 62 1
34 76 1
34 90 1
34 46 1
34 58 1
34 70 1
34 82 1
34 94 1
34 106 1
34 118 1
34 130 1
34 35 1
34 36 1
34 37 1
34 38 1
34 47 1
34 60 1
34 73 1
34 86 1
34 99 1
34 112 1
34 125 1
34 138 1
34 151 1
34 164 1
34 33 1
34 32 1
34 31 1
34 30 1
34 29 1
34 28 1
34 27 1
34 26 1
34 22 1
34 21 1
34 20 1
34 10 1
34 8 1
34 6 1
35 49 1
35 63 1
35 77 1
35 47 1
35 59 1
35 71 1
35 83 1
35 95 1
35 107 1
35 119 1
35 131 1
35 143 1
35 36 1
35 37 1
35 38 1
35 48 1
35 61 1
35 74 1
35 87 1
35 100 1
35 113 1
35 126 1
35 139 1
35 152 1
35 165 1
35 34 1
35 33 1
35 32 1
35 31 1
35 30 1
35 29 1
35 28 1
35 27 1
35 26 1
35 23 1
35 22 1
35 21 1
35 11 1
35 9 1
35 7 1
36 50 1
36 64 1
36 48 1
36 60 1
36 72 1
36 84 1
36 96 1
36 108 1
36 120 1
36 132 1
36 144 1
36 156 1
36 37 1
36 38 1
36 49 1
36 62 1
36 75 1
36 88 1
36 101 1
36 114 1
36 127 1
36 140 1
36 153 1
36 166 1
36 35 1
36 34 1
36 33 1
36 32 1
36 31 1
36 30 1
36 29 1
36 28 1
36 27 1
36 26 1
36 24 1
36 23 1
36 22 1
36 12 1
36 10 1
36 8 1
37 51 1
37 49 1
37 61 1
37 73 1
37 85 1
37 97 1
37 109 1
37 121 1
37 133 1
37 145 1
37 157 1
37 38 1
37 50 1
37 63 1
37 76 1
37 89 1
37 102 1
37 115 1
37 128 1
37 141 1
37 154 1
37 167 1
37 36 1
37 35 1
37 34 1
37 33 1
37 32 1
37 31 1
37 30 1
37 29 1
37 28 1
37 27 1
37 26 1
37 25 1
37 24 1
37 23 1
37 11 1
37 9 1
38 50 1
38 62 1
38 74 1
38 86 1
38 98 1
38 110 1
38 122 1
38 134 1
38 146 1
38 158 1
38 51 1
38 64 1
38 77 1
38 90 1
38 103 1
38 116 1
38 129 1
38 142 1
38 155 1
38 168 1
38 37 1
38 36 1
38 35 1
38 34 1
38 33 1
38 32 1
38 31 1
38 30 1
38 29 1
38 28 1
38 27 1
38 26 1
38 25 1
38 24 1
38 12 1
38 10 1
39 53 1
39 67 1
39 81 1
39 95 1
39 109 1
39 123 1
39 137 1
39 151 1
39 165 1
39 40 1
39 41 1
39 42 1
39 43 1
39 44 1
39 45 1
39 46 1
39 47 1
39 48 1
39 49 1
39 50 1
39 51 1
39 52 1
39 65 1
39 78 1
39 91 1
39 104 1
39 117 1
39 130 1
39 143 1
39 156 1
39 27 1
39 26 1
39 15 1
39 13 1
39 3 1
39 0 1
40 54 1
40 68 1
40 82 1
40 96 1
40 110 1
40 124 1
40 138 1
40 152 1
40 166 1
40 52 1
40 41 1
40 42 1
40 43 1
40 44 1
40 45 1
40 46 1
40 47 1
40 48 1
40 49 1
40 50 1
40 51 1
40 53 1
40 66 1
40 79 1
40 92 1
40 105 1
40 118 1
40 131 1
40 144 1
40 157 1
40 39 1
40 28 1
40 27 1
40 26 1
40 16 1
40 14 1
40 4 1
40 1 1
41 55 1
41 69 1
41 83 1
41 97 1
41 111 1
41 125 1
41 139 1
41 153 1
41 167 1
41 53 1
41 65 1
41 42 1
41 43 1
41 44 1
41 45 1
41 46 1
41 47 1
41 48 1
41 49 1
41 50 1
41 51 1
41 54 1
41 67 1
41 80 1
41 93 1
41 106 1
41 119 1
41 132 1
41 145 1
41 158 1
41 40 1
41 39 1
41 29 1
41 28 1
41 27 1
41 17 1
41 15 1
41 13 1
41 5 1
41 2 1
42 56 1
42 70 1
42 84 1
42 98 1
42 112 1
42 126 1
42 140 1
42 154 1
42 168 1
42 54 1
42 66 1
42 78 1
42 43 1
42 44 1
42 45 1
42 46 1
42 47 1
42 48 1
42 49 1
42 50 1
42 51 1
42 55 1
42 68 1
42 81 1
42 94 1
42 107 1
42 120 1
42 133 1
42 146 1
42 159 1
42 41 1
42 40 1
42 39 1
42 30 1
42 29 1
42 28 1
42 18 1
42 16 1
42 14 1
42 6 1
42 3 1
42 0 1
43 57 1
43 71 1
43 85 1
43 99 1
43 113 1
43 127 1
43 141 1
43 155 1
43 55 1
43 67 1
43 79 1
43 91 1
43 44 1
43 45 1
43 46 1
43 47 1
43 48 1
43 49 1
43 50 1
43 51 1
43 56 1
43 69 1
43 82 1
43 95 1
43 108 1
43 121 1
43 134 1
43 147 1
43 160 1
43 42 1
43 41 1
43 40 1
43 39 1
43 31 1
43 30 1
43 29 1
43 19 1
43 17 1
43 15 1
43 7 1
43 4 1
43 1 1
44 58 1
44 72 1
44 86 1
44 100 1
44 114 1
44 128 1
44 142 1
44 56 1
44 68 1
44 80 1
44 92 1
44 104 1
44 45 1
44 46 1
44 47 1
44 48 1
44 49 1
44 50 1
44 51 1
44 57 1
44 70 1
44 83 1
44 96 1
44 109 1
44 122 1
44 135 1
44 148 1
44 161 1
44 43 1
44 42 1
44 41 1
44 40 1
44 39 1
44 32 1
44 31 1
44 30 1
44 20 1
44 18 1
44 16 1
44 8 1
44 5 1
44 2 1
45 59 1
45 73 1
45 87 1
45 101 1
45 115 1
45 129 1
45 57 1
45 69 1
45 81 1
45 93 1
45 105 1
45 117 1
45 46 1
45 47 1
45 48 1
45 49 1
45 50 1
45 51 1
45 58 1
45 71 1
45 84 1
45 97 1
45 110 1
45 123 1
45 136 1
45 149 1
45 162 1
45 44 1
45 43 1
45 42 1
45 41 1
45 40 1
45 39 1
45 33 1
45 32 1
45 31 1
45 21 1
45 19 1
45 17 1
45 9 1
45 6 1
45 3 1
46 60 1
46 74 1
46 88 1
46 102 1
46 116 1
46 58 1
46 70 1
46 82 1
46 94 1
46 106 1
46 118 1
46 130 1
46 47 1
46 48 1
46 49 1
46 50 1
46 51 1
46 59 1
46 72 1
46 85 1
46 98 1
46 111 1
46 124 1
46 137 1
46 150 1
46 163 1
46 45 1
46 44 1
46 43 1
46 42 1
46 41 1
46 40 1
46 39 1
46 34 1
46 33 1
46 32 1
46 22 1
46 20 1
46 18 1
46 10 1
46 7 1
46 4 1
47 61 1
47 75 1
47 89 1
47 103 1
47 59 1
47 71 1
47 83 1
47 95 1
47 107 1
47 119 1
47 131 1
47 143 1
47 48 1
47 49 1
47 50 1
47 51 1
47 60 1
47 73 1
47 86 1
47 99 1
47 112 1
47 125 1
47 138 1
47 151 1
47 164 1
47 46 1
47 45 1
47 44 1
47 43 1
47 42 1
47 41 1
47 40 1
47 39 1
47 35 1
47 34 1
47 33 1
47 23 1
47 21 1
47 19 1
47 11 1
47 8 1
47 5 1
48 62 1
48 76 1
48 90 1
48 60 1
48 72 1
48 84 1
48 96 1
48 108 1
48 120 1
48 132 1
48 144 1
48 156 1
48 49 1
48 50 1
48 51 1
48 61 1
48 74 1
48 87 1
48 100 1
48 113 1
48 126 1
48 139 1
48 152 1
48 165 1
48 47 1
48 46 1
48 45 1
48 44 1
48 43 1
48 42 1
48 41 1
48 40 1
48 39 1
48 36 1
48 35 1
48 34 1
48 24 1
48 22 1
48 20 1
48 12 1
48 9 1
48 6 1
49 63 1
49 77 1
49 61 1
49 73 1
49 85 1
49 97 1
49 109 1
49 121 1
49 133 1
49 145 1
49 157 1
49 50 1
49 51 1
49 62 1
49 75 1
49 88 1
49 101 1
49 114 1
49 127 1
49 140 1
49 153 1
49 166 1
49 48 1
49 47 1
49 46 1
49 45 1
49 44 1
49 43 1
49 42 1
49 41 1
49 40 1
49 39 1
49 37 1
49 36 1
49 35 1
49 25 1
49 23 1
49 21 1
49 10 1
49 7 1
50 64 1
50 62 1
50 74 1
50 86 1
50 98 1
50 110 1
50 122 1
50 134 1
50 146 1
50 158 1
50 51 1
50 63 1
50 76 1
50 89 1
50 102 1
50 115 1
50 128 1
50 141 1
50 154 1
50 167 1
50 49 1
50 48 1
50 47 1
50 46 1
50 45 1
50 44 1
50 43 1
50 42 1
50 41 1
50 40 1
50 39 1
50 38 1
50 37 1
50 36 1
50 24 1
50 22 1
50 11 1
50 8 1
51 63 1
51 75 1
51 87 1
51 99 1
51 111 1
51 123 1
51 135 1
51 147 1
51 159 1
51 64 1
51 77 1
51 90 1
51 103 1
51 116 1
51 129 1
51 142 1
51 155 1
51 168 1
51 50 1
51 49 1
51 48 1
51 47 1
51 46 1
51 45 1
51 44 1
51 43 1
51 42 1
51 41 1
51 40 1
51 39 1
51 38 1
51 37 1
51 25 1
51 23 1
51 12 1
51 9 1
52 66 1
52 80 1
52 94 1
52 108 1
52 122 1
52 136 1
52 150 1
52 164 1
52 53 1
52 54 1
52 55 1
52 56 1
52 57 1
52 58 1
52 59 1
52 60 1
52 61 1
52 62 1
52 63 1
52 64 1
52 65 1
52 78 1
52 91 1
52 104 1
52 117 1
52 130 1
52 143 1
52 156 1
52 40 1
52 39 1
52 28 1
52 26 1
52 16 1
52 13 1
52 4 1
52 0 1
53 67 1
53 81 1
53 95 1
53 109 1
53 123 1
53 137 1
53 151 1
53 165 1
53 65 1
53 54 1
53 55 1
53 56 1
53 57 1
53 58 1
53 59 1
53 60 1
53 61 1
53 62 1
53 63 1
53 64 1
53 66 1
53 79 1
53 92 1
53 105 1
53 118 1
53 131 1
53 144 1
53 157 1
53 52 1
53 41 1
53 40 1
53 39 1
53 29 1
53 27 1
53 17 1
53 14 1
53 5 1
53 1 1
54 68 1
54 82 1
54 96 1
54 110 1
54 124 1
54 138 1
54 152 1
54 166 1
54 66 1
54 78 1
54 55 1
54 56 1
54 57 1
54 58 1
54 59 1
54 60 1
54 61 1
54 62 1
54 63 1
54 64 1
54 67 1
54 80 1
54 93 1
54 106 1
54 119 1
54 132 1
54 145 1
54 158 1
54 53 1
54 52 1
54 42 1
54 41 1
54 40 1
54 30 1
54 28 1
54 26 1
54 18 1
54 15 1
54 6 1
54 2 1
55 69 1
55 83 1
55 97 1
55 111 1
55 125 1
55 139 1
55 153 1
55 167 1
55 67 1
55 79 1
55 91 1
55 56 1
55 57 1
55 58 1
55 59 1
55 60 1
55 61 1
55 62 1
55 63 1
55 64 1
55 68 1
55 81 1
55 94 1
55 107 1
55 120 1
55 133 1
55 146 1
55 159 1
55 54 1
55 53 1
55 52 1
55 43 1
55 42 1
55 41 1
55 31 1
55 29 1
55 27 1
55 19 1
55 16 1
55 13 1
55 7 1
55 3 1
56 70 1
56 84 1
56 98 1
56 112 1
56 126 1
56 140 1
56 154 1
56 168 1
56 68 1
56 80 1
56 92 1
56 104 1
56 57 1
56 58 1
56 59 1
56 60 1
56 61 1
56 62 1
56 63 1
56 64 1
56 69 1
56 82 1
56 95 1
56 108 1
56 121 1
56 134 1
56 147 1
56 160 1
56 55 1
56 54 1
56 53 1
56 52 1
56 44 1
56 43 1
56 42 1
56 32 1
56 30 1
56 28 1
56 20 1
56 17 1
56 14 1
56 8 1
56 4 1
56 0 1
57 71 1
57 85 1
57 99 1
57 113 1
57 127 1
57 141 1
57 155 1
57 69 1
57 81 1
57 93 1
57 105 1
57 117 1
57 58 1
57 59 1
57 60 1
57 61 1
57 62 1
57 63 1
57 64 1
57 70 1
57 83 1
57 96 1
57 109 1
57 122 1
57 135 1
57 148 1
57 161 1
57 56 1
57 55 1
57 54 1
57 53 1
57 52 1
57 45 1
57 44 1
57 43 1
57 33 1
57 31 1
57 29 1
57 21 1
57 18 1
57 15 1
57 9 1
57 5 1
57 1 1
58 72 1
58 86 1
58 100 1
58 114 1
58 128 1
58 142 1
58 70 1
58 82 1
58 94 1
58 106 1
58 118 1
58 130 1
58 59 1
58 60 1
58 61 1
58 62 1
58 63 1
58 64 1
58 71 1
58 84 1
58 97 1
58 110 1
58 123 1
58 136 1
58 149 1
58 162 1
58 57 1
58 56 1
58 55 1
58 54 1
58 53 1
58 52 1
58 46 1
58 45 1
58 44 1
58 34 1
58 32 1
58 30 1
58 22 1
58 19 1
58 16 1
58 10 1
58 6 1
58 2 1
59 73 1
59 87 1
59 101 1
59 115 1
59 129 1
59 71 1
59 83 1
59 95 1
59 107 1
59 119 1
59 131 1
59 143 1
59 60 1
59 61 1
59 62 1
59 63 1
59 64 1
59 72 1
59 85 1
59 98 1
59 111 1
59 124 1
59 137 1
59 150 1
59 163 1
59 58 1
59 57 1
59 56 1
59 55 1
59 54 1
59 53 1
59 52 1
59 47 1
59 46 1
59 45 1
59 35 1
59 33 1
59 31 1
59 23 1
59 20 1
59 17 1
59 11 1
59 7 1
59 3 1
60 74 1
60 88 1
60 102 1
60 116 1
60 72 1
60 84 1
60 96 1
60 108 1
60 120 1
60 132 1
60 144 1
60 156 1
60 61 1
60 62 1
60 63 1
60 64 1
60 73 1
60 86 1
60 99 1
60 112 1
60 125 1
60 138 1
60 151 1
60 164 1
60 59 1
60 58 1
60 57 1
60 56 1
60 55 1
60 54 1
60 53 1
60 52 1
60 48 1
60 47 1
60 46 1
60 36 1
60 34 1
60 32 1
60 24 1
60 21 1
60 18 1
60 12 1
60 8 1
60 4 1
61 75 1
61 89 1
61 103 1
61 73 1
61 85 1
61 97 1
61 109 1
61 121 1
61 133 1
61 145 1
61 157 1
61 62 1
61 63 1
61 64 1
61 74 1
61 87 1
61 100 1
61 113 1
61 126 1
61 139 1
61 152 1
61 165 1
61 60 1
61 59 1
61 58 1
61 57 1
61 56 1
61 55 1
61 54 1
61 53 1
61 52 1
61 49 1
61 48 1
61 47 1
61 37 1
61 35 1
61 33 1
61 25 1
61 22 1
61 19 1
61 9 1
61 5 1
62 76 1
62 90 1
62 74 1
62 86 1
62 98 1
62 110 1
62 122 1
62 134 1
62 146 1
62 158 1
62 63 1
62 64 1
62 75 1
62 88 1
62 101 1
62 114 1
62 127 1
62 140 1
62 153 1
62 166 1
62 61 1
62 60 1
62 59 1
62 58 1
62 57 1
62 56 1
62 55 1
62 54 1
62 53 1
62 52 1
62 50 1
62 49 1
62 48 1
62 38 1
62 36 1
62 34 1
62 23 1
62 20 1
62 10 1
62 6 1
63 77 1
63 75 1
63 87 1
63 99 1
63 111 1
63 123 1
63 135 1
63 147 1
63 159 1
63 64 1
63 76 1
63 89 1
63 102 1
63 115 1
63 128 1
63 141 1
63 154 1
63 167 1
63 62 1
63 61 1
63 60 1
63 59 1
63 58 1
63 57 1
63 56 1
63 55 1
63 54 1
63 53 1
63 52 1
63 51 1
63 50 1
63 49 1
63 37 1
63 35 1
63 24 1
63 21 1
63 11 1
63 7 1
64 76 1
64 88 1
64 100 1
64 112 1
64 124 1
64 136 1
64 148 1
64 160 1
64 77 1
64 90 1
64 103 1
64 116 1
64 129 1
64 142 1
64 155 1
64 168 1
64 63 1
64 62 1
64 61 1
64 60 1
64 59 1
64 58 1
64 57 1
64 56 1
64 55 1
64 54 1
64 53 1
64 52 1
64 51 1
64 50 1
64 38 1
64 36 1
64 25 1
64 22 1
64 12 1
64 8 1
65 79 1
65 93 1
65 107 1
65 121 1
65 135 1
65 149 1
65 163 1
65 66 1
65 67 1
65 68 1
65 69 1
65 70 1
65 71 1
65 72 1
65 73 1
65 74 1
65 75 1
65 76 1
65 77 1
65 78 1
65 91 1
65 104 1
65 117 1
65 130 1
65 143 1
65 156 1
65 53 1
65 52 1
65 41 1
65 39 1
65 29 1
65 26 1
65 17 1
65 13 1
65 5 1
65 0 1
66 80 1
66 94 1
66 108 1
66 122 1
66 136 1
66 150 1
66 164 1
66 78 1
66 67 1
66 68 1
66 69 1
66 70 1
66 71 1
66 72 1
66 73 1
66 74 1
66 75 1
66 76 1
66 77 1
66 79 1
66 92 1
66 105 1
66 118 1
66 131 1
66 144 1
66 157 1
66 65 1
66 54 1
66 53 1
66 52 1
66 42 1
66 40 1
66 30 1
66 27 1
66 18 1
66 14 1
66 6 1
66 1 1
67 81 1
67 95 1
67 109 1
67 123 1
67 137 1
67 151 1
67 165 1
67 79 1
67 91 1
67 68 1
67 69 1
67 70 1
67 71 1
67 72 1
67 73 1
67 74 1
67 75 1
67 76 1
67 77 1
67 80 1
67 93 1
67 106 1
67 119 1
67 132 1
67 145 1
67 158 1
67 66 1
67 65 1
67 55 1
67 54 1
67 53 1
67 43 1
67 41 1
67 39 1
67 31 1
67 28 1
67 19 1
67 15 1
67 7 1
67 2 1
68 82 1
68 96 1
68 110 1
68 124 1
68 138 1
68 152 1
68 166 1
68 80 1
68 92 1
68 104 1
68 69 1
68 70 1
68 71 1
68 72 1
68 73 1
68 74 1
68 75 1
68 76 1
68 77 1
68 81 1
68 94 1
68 107 1
68 120 1
68 133 1
68 146 1
68 159 1
68 67 1
68 66 1
68 65 1
68 56 1
68 55 1
68 54 1
68 44 1
68 42 1
68 40 1
68 32 1
68 29 1
68 26 1
68 20 1
68 16 1
68 8 1
68 3 1
69 83 1
69 97 1
69 111 1
69 125 1
69 139 1
69 153 1
69 167 1
69 81 1
69 93 1
69 105 1
69 117 1
69 70 1
69 71 1
69 72 1
69 73 1
69 74 1
69 75 1
69 76 1
69 77 1
69 82 1
69 95 1
69 108 1
69 121 1
69 134 1
69 147 1
69 160 1
69 68 1
69 67 1
69 66 1
69 65 1
69 57 1
69 56 1
69 55 1
69 45 1
69 43 1
69 41 1
69 33 1
69 30 1
69 27 1
69 21 1
69 17 1
69 13 1
69 9 1
69 4 1
70 84 1
70 98 1
70 112 1
70 126 1
70 140 1
70 154 1
70 168 1
70 82 1
70 94 1
70 106 1
70 118 1
70 130 1
70 71 1
70 72 1
70 73 1
70 74 1
70 75 1
70 76 1
70 77 1
70 83 1
70 96 1
70 109 1
70 122 1
70 135 1
70 148 1
70 161 1
70 69 1
70 68 1
70 67 1
70 66 1
70 65 1
70 58 1
70 57 1
70 56 1
70 46 1
70 44 1
70 42 1
70 34 1
70 31 1
70 28 1
70 22 1
70 18 1
70 14 1
70 10 1
70 5 1
70 0 1
71 85 1
71 99 1
71 113 1
71 127 1
71 141 1
71 155 1
71 83 1
71 95 1
71 107 1
71 119 1
71 131 1
71 143 1
71 72 1
71 73 1
71 74 1
71 75 1
71 76 1
71 77 1
71 84 1
71 97 1
71 110 1
71 123 1
71 136 1
71 149 1
71 162 1
71 70 1
71 69 1
71 68 1
71 67 1
71 66 1
71 65 1
71 59 1
71 58 1
71 57 1
71 47 1
71 45 1
71 43 1
71 35 1
71 32 1
71 29 1
71 23 1
71 19 1
71 15 1
71 11 1
71 6 1
71 1 1
72 86 1
72 100 1
72 114 1
72 128 1
72 142 1
72 84 1
72 96 1
72 108 1
72 120 1
72 132 1
72 144 1
72 156 1
72 73 1
72 74 1
72 75 1
72 76 1
72 77 1
72 85 1
72 98 1
72 111 1
72 124 1
72 137 1
72 150 1
72 163 1
72 71 1
72 70 1
72 69 1
72 68 1
72 67 1
72 66 1
72 65 1
72 60 1
72 59 1
72 58 1
72 48 1
72 46 1
72 44 1
72 36 1
72 33 1
72 30 1
72 24 1
72 20 1
72 16 1
72 12 1
72 7 1
72 2 1
73 87 1
73 101 1
73 115 1
73 129 1
73 85 1
73 97 1
73 109 1
73 121 1
73 133 1
73 145 1
73 157 1
73 74 1
73 75 1
73 76 1
73 77 1
73 86 1
73 99 1
73 112 1
73 125 1
73 138 1
73 151 1
73 164 1
73 72 1
73 71 1
73 70 1
73 69 1
73 68 1
73 67 1
73 66 1
73 65 1
73 61 1
73 60 1
73 59 1
73 49 1
73 47 1
73 45 1
73 37 1
73 34 1
73 31 1
73 25 1
73 21 1
73 17 1
73 8 1
73 3 1
74 88 1
74 102 1
74 116 1
74 86 1
74 98 1
74 110 1
74 122 1
74 134 1
74 146 1
74 158 1
74 75 1
74 76 1
74 77 1
74 87 1
74 100 1
74 113 1
74 126 1
74 139 1
74 152 1
74 165 1
74 73 1
74 72 1
74 71 1
74 70 1
74 69 1
74 68 1
74 67 1
74 66 1
74 65 1
74 62 1
74 61 1
74 60 1
74 50 1
74 48 1
74 46 1
74 38 1
74 35 1
74 32 1
74 22 1
74 18 1
74 9 1
74 4 1
75 89 1
75 103 1
75 87 1
75 99 1
75 111 1
75 123 1
75 135 1
75 147 1
75 159 1
75 76 1
75 77 1
75 88 1
75 101 1
75 114 1
75 127 1
75 140 1
75 153 1
75 166 1
75 74 1
75 73 1
75 72 1
75 71 1
75 70 1
75 69 1
75 68 1
75 67 1
75 66 1
75 65 1
75 63 1
75 62 1
75 61 1
75 51 1
75 49 1
75 47 1
75 36 1
75 33 1
75 23 1
75 19 1
75 10 1
75 5 1
76 90 1
76 88 1
76 100 1
76 112 1
76 124 1
76 136 1
76 148 1
76 160 1
76 77 1
76 89 1
76 102 1
76 115 1
76 128 1
76 141 1
76 154 1
76 167 1
76 75 1
76 74 1
76 73 1
76 72 1
76 71 1
76 70 1
76 69 1
76 68 1
76 67 1
76 66 1
76 65 1
76 64 1
76 63 1
76 62 1
76 50 1
76 48 1
76 37 1
76 34 1
76 24 1
76 20 1
76 11 1
76 6 1
77 89 1
77 101 1
77 113 1
77 125 1
77 137 1
77 149 1
77 161 1
77 90 1
77 103 1
77 116 1
77 129 1
77 142 1
77 155 1
77 168 1
77 76 1
77 75 1
77 74 1
77 73 1
77 72 1
77 71 1
77 70 1
77 69 1
77 68 1
77 67 1
77 66 1
77 65 1
77 64 1
77 63 1
77 51 1
77 49 1
77 38 1
77 35 1
77 25 1
77 21 1
77 12 1
77 7 1
78 92 1
78 106 1
78 120 1
78 134 1
78 148 1
78 162 1
78 79 1
78 80 1
78 81 1
78 82 1
78 83 1
78 84 1
78 85 1
78 86 1
78 87 1
78 88 1
78 89 1
78 90 1
78 91 1
78 104 1
78 117 1
78 130 1
78 143 1
78 156 1
78 66 1
78 65 1
78 54 1
78 52 1
78 42 1
78 39 1
78 30 1
78 26 1
78 18 1
78 13 1
78 6 1
78 0 1
79 93 1
79 107 1
79 121 1
79 135 1
79 149 1
79 163 1
79 91 1
79 80 1
79 81 1
79 82 1
79 83 1
79 84 1
79 85 1
79 86 1
79 87 1
79 88 1
79 89 1
79 90 1
79 92 1
79 105 1
79 118 1
79 131 1
79 144 1
79 157 1
79 78 1
79 67 1
79 66 1
79 65 1
79 55 1
79 53 1
79 43 1
79 40 1
79 31 1
79 27 1
79 19 1
79 14 1
79 7 1
79 1 1
80 94 1
80 108 1
80 122 1
80 136 1
80 150 1
80 164 1
80 92 1
80 104 1
80 81 1
80 82 1
80 83 1
80 84 1
80 85 1
80 86 1
80 87 1
80 88 1
80 89 1
80 90 1
80 93 1
80 106 1
80 119 1
80 132 1
80 145 1
80 158 1
80 79 1
80 78 1
80 68 1
80 67 1
80 66 1
80 56 1
80 54 1
80 52 1
80 44 1
80 41 1
80 32 1
80 28 1
80 20 1
80 15 1
80 8 1
80 2 1
81 95 1
81 109 1
81 123 1
81 137 1
81 151 1
81 165 1
81 93 1
81 105 1
81 117 1
81 82 1
81 83 1
81 84 1
81 85 1
81 86 1
81 87 1
81 88 1
81 89 1
81 90 1
81 94 1
81 107 1
81 120 1
81 133 1
81 146 1
81 159 1
81 80 1
81 79 1
81 78 1
81 69 1
81 68 1
81 67 1
81 57 1
81 55 1
81 53 1
81 45 1
81 42 1
81 39 1
81 33 1
81 29 1
81 21 1
81 16 1
81 9 1
81 3 1
82 96 1
82 110 1
82 124 1
82 138 1
82 152 1
82 166 1
82 94 1
82 106 1
82 118 1
82 130 1
82 83 1
82 84 1
82 85 1
82 86 1
82 87 1
82 88 1
82 89 1
82 90 1
82 95 1
82 108 1
82 121 1
82 134 1
82 147 1
82 160 1
82 81 1
82 80 1
82 79 1
82 78 1
82 70 1
82 69 1
82 68 1
82 58 1
82 56 1
82 54 1
82 46 1
82 43 1
82 40 1
82 34 1
82 30 1
82 26 1
82 22 1
82 17 1
82 10 1
82 4 1
83 97 1
83 111 1
83 125 1
83 139 1
83 153 1
83 167 1
83 95 1
83 107 1
83 119 1
83 131 1
83 143 1
83 84 1
83 85 1
83 86 1
83 87 1
83 88 1
83 89 1
83 90 1
83 96 1
83 109 1
83 122 1
83 135 1
83 148 1
83 161 1
83 82 1
83 81 1
83 80 1
83 79 1
83 78 1
83 71 1
83 70 1
83 69 1
83 59 1
83 57 1
83 55 1
83 47 1
83 44 1
83 41 1
83 35 1
83 31 1
83 27 1
83 23 1
83 18 1
83 13 1
83 11 1
83 5 1
84 98 1
84 112 1
84 126 1
84 140 1
84 154 1
84 168 1
84 96 1
84 108 1
84 120 1
84 132 1
84 144 1
84 156 1
84 85 1
84 86 1
84 87 1
84 88 1
84 89 1
84 90 1
84 97 1
84 110 1
84 123 1
84 136 1
84 149 1
84 162 1
84 83 1
84 82 1
84 81 1
84 80 1
84 79 1
84 78 1
84 72 1
84 71 1
84 70 1
84 60 1
84 58 1
84 56 1
84 48 1
84 45 1
84 42 1
84 36 1
84 32 1
84 28 1
84 24 1
84 19 1
84 14 1
84 12 1
84 6 1
84 0 1
85 99 1
85 113 1
85 127 1
85 141 1
85 155 1
85 97 1
85 109 1
85 121 1
85 133 1
85 145 1
85 157 1
85 86 1
85 87 1
85 88 1
85 89 1
85 90 1
85 98 1
85 111 1
85 124 1
85 137 1
85 150 1
85 163 1
85 84 1
85 83 1
85 82 1
85 81 1
85 80 1
85 79 1
85 78 1
85 73 1
85 72 1
85 71 1
85 61 1
85 59 1
85 57 1
85 49 1
85 46 1
85 43 1
85 37 1
85 33 1
85 29 1
85 25 1
85 20 1
85 15 1
85 7 1
85 1 1
86 100 1
86 114 1
86 128 1
86 142 1
86 98 1
86 110 1
86 122 1
86 134 1
86 146 1
86 158 1
86 87 1
86 88 1
86 89 1
86 90 1
86 99 1
86 112 1
86 125 1
86 138 1
86 151 1
86 164 1
86 85 1
86 84 1
86 83 1
86 82 1
86 81 1
86 80 1
86 79 1
86 78 1
86 74 1
86 73 1
86 72 1
86 62 1
86 60 1
86 58 1
86 50 1
86 47 1
86 44 1
86 38 1
86 34 1
86 30 1
86 21 1
86 16 1
86 8 1
86 2 1
87 101 1
87 115 1
87 129 1
87 99 1
87 111 1
87 123 1
87 135 1
87 147 1
87 159 1
87 88 1
87 89 1
87 90 1
87 100 1
87 113 1
87 126 1
87 139 1
87 152 1
87 165 1
87 86 1
87 85 1
87 84 1
87 83 1
87 82 1
87 81 1
87 80 1
87 79 1
87 78 1
87 75 1
87 74 1
87 73 1
87 63 1
87 61 1
87 59 1
87 51 1
87 48 1
87 45 1
87 35 1
87 31 1
87 22 1
87 17 1
87 9 1
87 3 1
88 102 1
88 116 1
88 100 1
88 112 1
88 124 1
88 136 1
88 148 1
88 160 1
88 89 1
88 90 1
88 101 1
88 114 1
88 127 1
88 140 1
88 153 1
88 166 1
88 87 1
88 86 1
88 85 1
88 84 1
88 83 1
88 82 1
88 81 1
88 80 1
88 79 1
88 78 1
88 76 1
88 75 1
88 74 1
88 64 1
88 62 1
88 60 1
88 49 1
88 46 1
88 36 1
88 32 1
88 23 1
88 18 1
88 10 1
88 4 1
89 103 1
89 101 1
89 113 1
89 125 1
89 137 1
89 149 1
89 161 1
89 90 1
89 102 1
89 115 1
89 128 1
89 141 1
89 154 1
89 167 1
89 88 1
89 87 1
89 86 1
89 85 1
89 84 1
89 83 1
89 82 1
89 81 1
89 80 1
89 79 1
89 78 1
89 77 1
89 76 1
89 75 1
89 63 1
89 61 1
89 50 1
89 47 1
89 37 1
89 33 1
89 24 1
89 19 1
89 11 1
89 5 1
90 102 1
90 114 1
90 126 1
90 138 1
90 150 1
90 162 1
90 103 1
90 116 1
90 129 1
90 142 1
90 155 1
90 168 1
90 89 1
90 88 1
90 87 1
90 86 1
90 85 1
90 84 1
90 83 1
90 82 1
90 81 1
90 80 1
90 79 1
90 78 1
90 77 1
90 76 1
90 64 1
90 62 1
90 51 1
90 48 1
90 38 1
90 34 1
90 25 1
90 20 1
90 12 1
90 6 1
91 105 1
91 119 1
91 133 1
91 147 1
91 161 1
91 92 1
91 93 1
91 94 1
91 95 1
91 96 1
91 97 1
91 98 1
91 99 1
91 100 1
91 101 1
91 102 1
91 103 1
91 104 1
91 117 1
91 130 1
91 143 1
91 156 1
91 79 1
91 78 1
91 67 1
91 65 1
91 55 1
91 52 1
91 43 1
91 39 1
91 31 1
91 26 1
91 19 1
91 13 1
91 7 1
91 0 1
92 106 1
92 120 1
92 134 1
92 148 1
92 162 1
92 104 1
92 93 1
92 94 1
92 95 1
92 96 1
92 97 1
92 98 1
92 99 1
92 100 1
92 101 1
92 102 1
92 103 1
92 105 1
92 118 1
92 131 1
92 144 1
92 157 1
92 91 1
92 80 1
92 79 1
92 78 1
92 68 1
92 66 1
92 56 1
92 53 1
92 44 1
92 40 1
92 32 1
92 27 1
92 20 1
92 14 1
92 8 1
92 1 1
93 107 1
93 121 1
93 135 1
93 149 1
93 163 1
93 105 1
93 117 1
93 94 1
93 95 1
93 96 1
93 97 1
93 98 1
93 99 1
93 100 1
93 101 1
93 102 1
93 103 1
93 106 1
93 119 1
93 132 1
93 145 1
93 158 1
93 92 1
93 91 1
93 81 1
93 80 1
93 79 1
93 69 1
93 67 1
93 65 1
93 57 1
93 54 1
93 45 1
93 41 1
93 33 1
93 28 1
93 21 1
93 15 1
93 9 1
93 2 1
94 108 1
94 122 1
94 136 1
94 150 1
94 164 1
94 106 1
94 118 1
94 130 1
94 95 1
94 96 1
94 97 1
94 98 1
94 99 1
94 100 1
94 101 1
94 102 1
94 103 1
94 107 1
94 120 1
94 133 1
94 146 1
94 159 1
94 93 1
94 92 1
94 91 1
94 82 1
94 81 1
94 80 1
94 70 1
94 68 1
94 66 1
94 58 1
94 55 1
94 52 1
94 46 1
94 42 1
94 34 1
94 29 1
94 22 1
94 16 1
94 10 1
94 3 1
95 109 1
95 123 1
95 137 1
95 151 1
95 165 1
95 107 1
95 119 1
95 131 1
95 143 1
95 96 1
95 97 1
95 98 1
95 99 1
95 100 1
95 101 1
95 102 1
95 103 1
95 108 1
95 121 1
95 134 1
95 147 1
95 160 1
95 94 1
95 93 1
95 92 1
95 91 1
95 83 1
95 82 1
95 81 1
95 71 1
95 69 1
95 67 1
95 59 1
95 56 1
95 53 1
95 47 1
95 43 1
95 39 1
95 35 1
95 30 1
95 23 1
95 17 1
95 11 1
95 4 1
96 110 1
96 124 1
96 138 1
96 152 1
96 166 1
96 108 1
96 120 1
96 132 1
96 144 1
96 156 1
96 97 1
96 98 1
96 99 1
96 100 1
96 101 1
96 102 1
96 103 1
96 109 1
96 122 1
96 135 1
96 148 1
96 161 1
96 95 1
96 94 1
96 93 1
96 92 1
96 91 1
96 84 1
96 83 1
96 82 1
96 72 1
96 70 1
96 68 1
96 60 1
96 57 1
96 54 1
96 48 1
96 44 1
96 40 1
96 36 1
96 31 1
96 26 1
96 24 1
96 18 1
96 12 1
96 5 1
97 111 1
97 125 1
97 139 1
97 153 1
97 167 1
97 109 1
97 121 1
97 133 1
97 145 1
97 157 1
97 98 1
97 99 1
97 100 1
97 101 1
97 102 1
97 103 1
97 110 1
97 123 1
97 136 1
97 149 1
97 162 1
97 96 1
97 95 1
97 94 1
97 93 1
97 92 1
97 91 1
97 85 1
97 84 1
97 83 1
97 73 1
97 71 1
97 69 1
97 61 1
97 58 1
97 55 1
97 49 1
97 45 1
97 41 1
97 37 1
97 32 1
97 27 1
97 25 1
97 19 1
97 13 1
97 6 1
98 112 1
98 126 1
98 140 1
98 154 1
98 168 1
98 110 1
98 122 1
98 134 1
98 146 1
98 158 1
98 99 1
98 100 1
98 101 1
98 102 1
98 103 1
98 111 1
98 124 1
98 137 1
98 150 1
98 163 1
98 97 1
98 96 1
98 95 1
98 94 1
98 93 1
98 92 1
98 91 1
98 86 1
98 85 1
98 84 1
98 74 1
98 72 1
98 70 1
98 62 1
98 59 1
98 56 1
98 50 1
98 46 1
98 42 1
98 38 1
98 33 1
98 28 1
98 20 1
98 14 1
98 7 1
98 0 1
99 113 1
99 127 1
99 141 1
99 155 1
99 111 1
99 123 1
99 135 1
99 147 1
99 159 1
99 100 1
99 101 1
99 102 1
99 103 1
99 112 1
99 125 1
99 138 1
99 151 1
99 164 1
99 98 1
99 97 1
99 96 1
99 95 1
99 94 1
99 93 1
99 92 1
99 91 1
99 87 1
99 86 1
99 85 1
99 75 1
99 73 1
99 71 1
99 63 1
99 60 1
99 57 1
99 51 1
99 47 1
99 43 1
99 34 1
99 29 1
99 21 1
99 15 1
99 8 1
99 1 1
100 114 1
100 128 1
100 142 1
100 112 1
100 124 1
100 136 1
100 148 1
100 160 1
100 101 1
100 102 1
100 103 1
100 113 1
100 126 1
100 139 1
100 152 1
100 165 1
100 99 1
100 98 1
100 97 1
100 96 1
100 95 1
100 94 1
100 93 1
100 92 1
100 91 1
100 88 1
100 87 1
100 86 1
100 76 1
100 74 1
100 72 1
100 64 1
100 61 1
100 58 1
100 48 1
100 44 1
100 35 1
100 30 1
100 22 1
100 16 1
100 9 1
100 2 1
101 115 1
101 129 1
101 113 1
101 125 1
101 137 1
101 149 1
101 161 1
101 102 1
101 103 1
101 114 1
101 127 1
101 140 1
101 153 1
101 166 1
101 100 1
101 99 1
101 98 1
101 97 1
101 96 1
101 95 1
101 94 1
101 93 1
101 92 1
101 91 1
101 89 1
101 88 1
101 87 1
101 77 1
101 75 1
101 73 1
101 62 1
101 59 1
101 49 1
101 45 1
101 36 1
101 31 1
101 23 1
101 17 1
101 10 1
101 3 1
102 116 1
102 114 1
102 126 1
102 138 1
102 150 1
102 162 1
102 103 1
102 115 1
102 128 1
102 141 1
102 154 1
102 167 1
102 101 1
102 100 1
102 99 1
102 98 1
102 97 1
102 96 1
102 95 1
102 94 1
102 93 1
102 92 1
102 91 1
102 90 1
102 89 1
102 88 1
102 76 1
102 74 1
102 63 1
102 60 1
102 50 1
102 46 1
102 37 1
102 32 1
102 24 1
102 18 1
102 11 1
102 4 1
103 115 1
103 127 1
103 139 1
103 151 1
103 163 1
103 116 1
103 129 1
103 142 1
103 155 1
103 168 1
103 102 1
103 101 1
103 100 1
103 99 1
103 98 1
103 97 1
103 96 1
103 95 1
103 94 1
103 93 1
103 92 1
103 91 1
103 90 1
103 89 1
103 77 1
103 75 1
103 64 1
103 61 1
103 51 1
103 47 1
103 38 1
103 33 1
103 25 1
103 19 1
103 12 1
103 5 1
104 118 1
104 132 1
104 146 1
104 160 1
104 105 1
104 106 1
104 107 1
104 108 1
104 109 1
104 110 1
104 111 1
104 112 1
104 113 1
104 114 1
104 115 1
104 116 1
104 117 1
104 130 1
104 143 1
104 156 1
104 92 1
104 91 1
104 80 1
104 78 1
104 68 1
104 65 1
104 56 1
104 52 1
104 44 1
104 39 1
104 32 1
104 26 1
104 20 1
104 13 1
104 8 1
104 0 1
105 119 1
105 133 1
105 147 1
105 161 1
105 117 1
105 106 1
105 107 1
105 108 1
105 109 1
105 110 1
105 111 1
105 112 1
105 113 1
105 114 1
105 115 1
105 116 1
105 118 1
105 131 1
105 144 1
105 157 1
105 104 1
105 93 1
105 92 1
105 91 1
105 81 1
105 79 1
105 69 1
105 66 1
105 57 1
105 53 1
105 45 1
105 40 1
105 33 1
105 27 1
105 21 1
105 14 1
105 9 1
105 1 1
106 120 1
106 134 1
106 148 1
106 162 1
106 118 1
106 130 1
106 107 1
106 108 1
106 109 1
106 110 1
106 111 1
106 112 1
106 113 1
106 114 1
106 115 1
106 116 1
106 119 1
106 132 1
106 145 1
106 158 1
106 105 1
106 104 1
106 94 1
106 93 1
106 92 1
106 82 1
106 80 1
106 78 1
106 70 1
106 67 1
106 58 1
106 54 1
106 46 1
106 41 1
106 34 1
106 28 1
106 22 1
106 15 1
106 10 1
106 2 1
107 121 1
107 135 1
107 149 1
107 163 1
107 119 1
107 131 1
107 143 1
107 108 1
107 109 1
107 110 1
107 111 1
107 112 1
107 113 1
107 114 1
107 115 1
107 116 1
107 120 1
107 133 1
107 146 1
107 159 1
107 106 1
107 105 1
107 104 1
107 95 1
107 94 1
107 93 1
107 83 1
107 81 1
107 79 1
107 71 1
107 68 1
107 65 1
107 59 1
107 55 1
107 47 1
107 42 1
107 35 1
107 29 1
107 23 1
107 16 1
107 11 1
107 3 1
108 122 1
108 136 1
108 150 1
108 164 1
108 120 1
108 132 1
108 144 1
108 156 1
108 109 1
108 110 1
108 111 1
108 112 1
108 113 1
108 114 1
108 115 1
108 116 1
108 121 1
108 134 1
108 147 1
108 160 1
108 107 1
108 106 1
108 105 1
108 104 1
108 96 1
108 95 1
108 94 1
108 84 1
108 82 1
108 80 1
108 72 1
108 69 1
108 66 1
108 60 1
108 56 1
108 52 1
108 48 1
108 43 1
108 36 1
108 30 1
108 24 1
108 17 1
108 12 1
108 4 1
109 123 1
109 137 1
109 151 1
109 165 1
109 121 1
109 133 1
109 145 1
109 157 1
109 110 1
109 111 1
109 112 1
109 113 1
109 114 1
109 115 1
109 116 1
109 122 1
109 135 1
109 148 1
109 161 1
109 108 1
109 107 1
109 106 1
109 105 1
109 104 1
109 97 1
109 96 1
109 95 1
109 85 1
109 83 1
109 81 1
109 73 1
109 70 1
109 67 1
109 61 1
109 57 1
109 53 1
109 49 1
109 44 1
109 39 1
109 37 1
109 31 1
109 25 1
109 18 1
109 5 1
110 124 1
110 138 1
110 152 1
110 166 1
110 122 1
110 134 1
110 146 1
110 158 1
110 111 1
110 112 1
110 113 1
110 114 1
110 115 1
110 116 1
110 123 1
110 136 1
110 149 1
110 162 1
110 109 1
110 108 1
110 107 1
110 106 1
110 105 1
110 104 1
110 98 1
110 97 1
110 96 1
110 86 1
110 84 1
110 82 1
110 74 1
110 71 1
110 68 1
110 62 1
110 58 1
110 54 1
110 50 1
110 45 1
110 40 1
110 38 1
110 32 1
110 26 1
110 19 1
110 6 1
111 125 1
111 139 1
111 153 1
111 167 1
111 123 1
111 135 1
111 147 1
111 159 1
111 112 1
111 113 1
111 114 1
111 115 1
111 116 1
111 124 1
111 137 1
111 150 1
111 163 1
111 110 1
111 109 1
111 108 1
111 107 1
111 106 1
111 105 1
111 104 1
111 99 1
111 98 1
111 97 1
111 87 1
111 85 1
111 83 1
111 75 1
111 72 1
111 69 1
111 63 1
111 59 1
111 55 1
111 51 1
111 46 1
111 41 1
111 33 1
111 27 1
111 20 1
111 13 1
111 7 1
112 126 1
112 140 1
112 154 1
112 168 1
112 124 1
112 136 1
112 148 1
112 160 1
112 113 1
112 114 1
112 115 1
112 116 1
112 125 1
112 138 1
112 151 1
112 164 1
112 111 1
112 110 1
112 109 1
112 108 1
112 107 1
112 106 1
112 105 1
112 104 1
112 100 1
112 99 1
112 98 1
112 88 1
112 86 1
112 84 1
112 76 1
112 73 1
112 70 1
112 64 1
112 60 1
112 56 1
112 47 1
112 42 1
112 34 1
112 28 1
112 21 1
112 14 1
112 8 1
112 0 1
113 127 1
113 141 1
113 155 1
113 125 1
113 137 1
113 149 1
113 161 1
113 114 1
113 115 1
113 116 1
113 126 1
113 139 1
113 152 1
113 165 1
113 112 1
113 111 1
113 110 1
113 109 1
113 108 1
113 107 1
113 106 1
113 105 1
113 104 1
113 101 1
113 100 1
113 99 1
113 89 1
113 87 1
113 85 1
113 77 1
113 74 1
113 71 1
113 61 1
113 57 1
113 48 1
113 43 1
113 35 1
113 29 1
113 22 1
113 15 1
113 9 1
113 1 1
114 128 1
114 142 1
114 126 1
114 138 1
114 150 1
114 162 1
114 115 1
114 116 1
114 127 1
114 140 1
114 153 1
114 166 1
114 113 1
114 112 1
114 111 1
114 110 1
114 109 1
114 108 1
114 107 1
114 106 1
114 105 1
114 104 1
114 102 1
114 101 1
114 100 1
114 90 1
114 88 1
114 86 1
114 75 1
114 72 1
114 62 1
114 58 1
114 49 1
114 44 1
114 36 1
114 30 1
114 23 1
114 16 1
114 10 1
114 2 1
115 129 1
115 127 1
115 139 1
115 151 1
115 163 1
115 116 1
115 128 1
115 141 1
115 154 1
115 167 1
115 114 1
115 113 1
115 112 1
115 111 1
115 110 1
115 109 1
115 108 1
115 107 1
115 106 1
115 105 1
115 104 1
115 103 1
115 102 1
115 101 1
115 89 1
115 87 1
115 76 1
115 73 1
115 63 1
115 59 1
115 50 1
115 45 1
115 37 1
115 31 1
115 24 1
115 17 1
115 11 1
115 3 1
116 128 1
116 140 1
116 152 1
116 164 1
116 129 1
116 142 1
116 155 1
116 168 1
116 115 1
116 114 1
116 113 1
116 112 1
116 111 1
116 110 1
116 109 1
116 108 1
116 107 1
116 106 1
116 105 1
116 104 1
116 103 1
116 102 1
116 90 1
116 88 1
116 77 1
116 74 1
116 64 1
116 60 1
116 51 1
116 46 1
116 38 1
116 32 1
116 25 1
116 18 1
116 12 1
116 4 1
117 131 1
117 145 1
117 159 1
117 118 1
117 119 1
117 120 1
117 121 1
117 122 1
117 123 1
117 124 1
117 125 1
117 126 1
117 127 1
117 128 1
117 129 1
117 130 1
117 143 1
117 156 1
117 105 1
117 104 1
117 93 1
117 91 1
117 81 1
117 78 1
117 69 1
117 65 1
117 57 1
117 52 1
117 45 1
117 39 1
117 33 1
117 26 1
117 21 1
117 13 1
117 9 1
117 0 1
118 132 1
118 146 1
118 160 1
118 130 1
118 119 1
118 120 1
118 121 1
118 122 1
118 123 1
118 124 1
118 125 1
118 126 1
118 127 1
118 128 1
118 129 1
118 131 1
118 144 1
118 157 1
118 117 1
118 106 1
118 105 1
118 104 1
118 94 1
118 92 1
118 82 1
118 79 1
118 70 1
118 66 1
118 58 1
118 53 1
118 46 1
118 40 1
118 34 1
118 27 1
118 22 1
118 14 1
118 10 1
118 1 1
119 133 1
119 147 1
119 161 1
119 131 1
119 143 1
119 120 1
119 121 1
119 122 1
119 123 1
119 124 1
119 125 1
119 126 1
119 127 1
119 128 1
119 129 1
119 132 1
119 145 1
119 158 1
119 118 1
119 117 1
119 107 1
119 106 1
119 105 1
119 95 1
119 93 1
119 91 1
119 83 1
119 80 1
119 71 1
119 67 1
119 59 1
119 54 1
119 47 1
119 41 1
119 35 1
119 28 1
119 23 1
119 15 1
119 11 1
119 2 1
120 134 1
120 148 1
120 162 1
120 132 1
120 144 1
120 156 1
120 121 1
120 122 1
120 123 1
120 124 1
120 125 1
120 126 1
120 127 1
120 128 1
120 129 1
120 133 1
120 146 1
120 159 1
120 119 1
120 118 1
120 117 1
120 108 1
120 107 1
120 106 1
120 96 1
120 94 1
120 92 1
120 84 1
120 81 1
120 78 1
120 72 1
120 68 1
120 60 1
120 55 1
120 48 1
120 42 1
120 36 1
120 29 1
120 24 1
120 16 1
120 12 1
120 3 1
121 135 1
121 149 1
121 163 1
121 133 1
121 145 1
121 157 1
121 122 1
121 123 1
121 124 1
121 125 1
121 126 1
121 127 1
121 128 1
121 129 1
121 134 1
121 147 1
121 160 1
121 120 1
121 119 1
121 118 1
121 117 1
121 109 1
121 108 1
121 107 1
121 97 1
121 95 1
121 93 1
121 85 1
121 82 1
121 79 1
121 73 1
121 69 1
121 65 1
121 61 1
121 56 1
121 49 1
121 43 1
121 37 1
121 30 1
121 25 1
121 17 1
121 4 1
122 136 1
122 150 1
122 164 1
122 134 1
122 146 1
122 158 1
122 123 1
122 124 1
122 125 1
122 126 1
122 127 1
122 128 1
122 129 1
122 135 1
122 148 1
122 161 1
122 121 1
122 120 1
122 119 1
122 118 1
122 117 1
122 110 1
122 109 1
122 108 1
122 98 1
122 96 1
122 94 1
122 86 1
122 83 1
122 80 1
122 74 1
122 70 1
122 66 1
122 62 1
122 57 1
122 52 1
122 50 1
122 44 1
122 38 1
122 31 1
122 18 1
122 5 1
123 137 1
123 151 1
123 165 1
123 135 1
123 147 1
123 159 1
123 124 1
123 125 1
123 126 1
123 127 1
123 128 1
123 129 1
123 136 1
123 149 1
123 162 1
123 122 1
123 121 1
123 120 1
123 119 1
123 118 1
123 117 1
123 111 1
123 110 1
123 109 1
123 99 1
123 97 1
123 95 1
123 87 1
123 84 1
123 81 1
123 75 1
123 71 1
123 67 1
123 63 1
123 58 1
123 53 1
123 51 1
123 45 1
123 39 1
123 32 1
123 19 1
123 6 1
124 138 1
124 152 1
124 166 1
124 136 1
124 148 1
124 160 1
124 125 1
124 126 1
124 127 1
124 128 1
124 129 1
124 137 1
124 150 1
124 163 1
124 123 1
124 122 1
124 121 1
124 120 1
124 119 1
124 118 1
124 117 1
124 112 1
124 111 1
124 110 1
124 100 1
124 98 1
124 96 1
124 88 1
124 85 1
124 82 1
124 76 1
124 72 1
124 68 1
124 64 1
124 59 1
124 54 1
124 46 1
124 40 1
124 33 1
124 26 1
124 20 1
124 7 1
125 139 1
125 153 1
125 167 1
125 137 1
125 149 1
125 161 1
125 126 1
125 127 1
125 128 1
125 129 1
125 138 1
125 151 1
125 164 1
125 124 1
125 123 1
125 122 1
125 121 1
125 120 1
125 119 1
125 118 1
125 117 1
125 113 1
125 112 1
125 111 1
125 101 1
125 99 1
125 97 1
125 89 1
125 86 1
125 83 1
125 77 1
125 73 1
125 69 1
125 60 1
125 55 1
125 47 1
125 41 1
125 34 1
125 27 1
125 21 1
125 13 1
125 8 1
126 140 1
126 154 1
126 168 1
126 138 1
126 150 1
126 162 1
126 127 1
126 128 1
126 129 1
126 139 1
126 152 1
126 165 1
126 125 1
126 124 1
126 123 1
126 122 1
126 121 1
126 120 1
126 119 1
126 118 1
126 117 1
126 114 1
126 113 1
126 112 1
126 102 1
126 100 1
126 98 1
126 90 1
126 87 1
126 84 1
126 74 1
126 70 1
126 61 1
126 56 1
126 48 1
126 42 1
126 35 1
126 28 1
126 22 1
126 14 1
126 9 1
126 0 1
127 141 1
127 155 1
127 139 1
127 151 1
127 163 1
127 128 1
127 129 1
127 140 1
127 153 1
127 166 1
127 126 1
127 125 1
127 124 1
127 123 1
127 122 1
127 121 1
127 120 1
127 119 1
127 118 1
127 117 1
127 115 1
127 114 1
127 113 1
127 103 1
127 101 1
127 99 1
127 88 1
127 85 1
127 75 1
127 71 1
127 62 1
127 57 1
127 49 1
127 43 1
127 36 1
127 29 1
127 23 1
127 15 1
127 10 1
127 1 1
128 142 1
128 140 1
128 152 1
128 164 1
128 129 1
128 141 1
128 154 1
128 167 1
128 127 1
128 126 1
128 125 1
128 124 1
128 123 1
128 122 1
128 121 1
128 120 1
128 119 1
128 118 1
128 117 1
128 116 1
128 115 1
128 114 1
128 102 1
128 100 1
128 89 1
128 86 1
128 76 1
128 72 1
128 63 1
128 58 1
128 50 1
128 44 1
128 37 1
128 30 1
128 24 1
128 16 1
128 11 1
128 2 1
129 141 1
129 153 1
129 165 1
129 142 1
129 155 1
129 168 1
129 128 1
129 127 1
129 126 1
129 125 1
129 124 1
129 123 1
129 122 1
129 121 1
129 120 1
129 119 1
129 118 1
129 117 1
129 116 1
129 115 1
129 103 1
129 101 1
129 90 1
129 87 1
129 77 1
129 73 1
129 64 1
129 59 1
129 51 1
129 45 1
129 38 1
129 31 1
129 25 1
129 17 1
129 12 1
129 3 1
130 144 1
130 158 1
130 131 1
130 132 1
130 133 1
130 134 1
130 135 1
130 136 1
130 137 1
130 138 1
130 139 1
130 140 1
130 141 1
130 142 1
130 143 1
130 156 1
130 118 1
130 117 1
130 106 1
130 104 1
130 94 1
130 91 1
130 82 1
130 78 1
130 70 1
130 65 1
130 58 1
130 52 1
130 46 1
130 39 1
130 34 1
130 26 1
130 22 1
130 13 1
130 10 1
130 0 1
131 145 1
131 159 1
131 143 1
131 132 1
131 133 1
131 134 1
131 135 1
131 136 1
131 137 1
131 138 1
131 139 1
131 140 1
131 141 1
131 142 1
131 144 1
131 157 1
131 130 1
131 119 1
131 118 1
131 117 1
131 107 1
131 105 1
131 95 1
131 92 1
131 83 1
131 79 1
131 71 1
131 66 1
131 59 1
131 53 1
131 47 1
131 40 1
131 35 1
131 27 1
131 23 1
131 14 1
131 11 1
131 1 1
132 146 1
132 160 1
132 144 1
132 156 1
132 133 1
132 134 1
132 135 1
132 136 1
132 137 1
132 138 1
132 139 1
132 140 1
132 141 1
132 142 1
132 145 1
132 158 1
132 131 1
132 130 1
132 120 1
132 119 1
132 118 1
132 108 1
132 106 1
132 104 1
132 96 1
132 93 1
132 84 1
132 80 1
132 72 1
132 67 1
132 60 1
132 54 1
132 48 1
132 41 1
132 36 1
132 28 1
132 24 1
132 15 1
132 12 1
132 2 1
133 147 1
133 161 1
133 145 1
133 157 1
133 134 1
133 135 1
133 136 1
133 137 1
133 138 1
133 139 1
133 140 1
133 141 1
133 142 1
133 146 1
133 159 1
133 132 1
133 131 1
133 130 1
133 121 1
133 120 1
133 119 1
133 109 1
133 107 1
133 105 1
133 97 1
133 94 1
133 91 1
133 85 1
133 81 1
133 73 1
133 68 1
133 61 1
133 55 1
133 49 1
133 42 1
133 37 1
133 29 1
133 25 1
133 16 1
133 3 1
134 148 1
134 162 1
134 146 1
134 158 1
134 135 1
134 136 1
134 137 1
134 138 1
134 139 1
134 140 1
134 141 1
134 142 1
134 147 1
134 160 1
134 133 1
134 132 1
134 131 1
134 130 1
134 122 1
134 121 1
134 120 1
134 110 1
134 108 1
134 106 1
134 98 1
134 95 1
134 92 1
134 86 1
134 82 1
134 78 1
134 74 1
134 69 1
134 62 1
134 56 1
134 50 1
134 43 1
134 38 1
134 30 1
134 17 1
134 4 1
135 149 1
135 163 1
135 147 1
135 159 1
135 136 1
135 137 1
135 138 1
135 139 1
135 140 1
135 141 1
135 142 1
135 148 1
135 161 1
135 134 1
135 133 1
135 132 1
135 131 1
135 130 1
135 123 1
135 122 1
135 121 1
135 111 1
135 109 1
135 107 1
135 99 1
135 96 1
135 93 1
135 87 1
135 83 1
135 79 1
135 75 1
135 70 1
135 65 1
135 63 1
135 57 1
135 51 1
135 44 1
135 31 1
135 18 1
135 5 1
136 150 1
136 164 1
136 148 1
136 160 1
136 137 1
136 138 1
136 139 1
136 140 1
136 141 1
136 142 1
136 149 1
136 162 1
136 135 1
136 134 1
136 133 1
136 132 1
136 131 1
136 130 1
136 124 1
136 123 1
136 122 1
136 112 1
136 110 1
136 108 1
136 100 1
136 97 1
136 94 1
136 88 1
136 84 1
136 80 1
136 76 1
136 71 1
136 66 1
136 64 1
136 58 1
136 52 1
136 45 1
136 32 1
136 19 1
136 6 1
137 151 1
137 165 1
137 149 1
137 161 1
137 138 1
137 139 1
137 140 1
137 141 1
137 142 1
137 150 1
137 163 1
137 136 1
137 135 1
137 134 1
137 133 1
137 132 1
137 131 1
137 130 1
137 125 1
137 124 1
137 123 1
137 113 1
137 111 1
137 109 1
137 101 1
137 98 1
137 95 1
137 89 1
137 85 1
137 81 1
137 77 1
137 72 1
137 67 1
137 59 1
137 53 1
137 46 1
137 39 1
137 33 1
137 20 1
137 7 1
138 152 1
138 166 1
138 150 1
138 162 1
138 139 1
138 140 1
138 141 1
138 142 1
138 151 1
138 164 1
138 137 1
138 136 1
138 135 1
138 134 1
138 133 1
138 132 1
138 131 1
138 130 1
138 126 1
138 125 1
138 124 1
138 114 1
138 112 1
138 110 1
138 102 1
138 99 1
138 96 1
138 90 1
138 86 1
138 82 1
138 73 1
138 68 1
138 60 1
138 54 1
138 47 1
138 40 1
138 34 1
138 26 1
138 21 1
138 8 1
139 153 1
139 167 1
139 151 1
139 163 1
139 140 1
139 141 1
139 142 1
139 152 1
139 165 1
139 138 1
139 137 1
139 136 1
139 135 1
139 134 1
139 133 1
139 132 1
139 131 1
139 130 1
139 127 1
139 126 1
139 125 1
139 115 1
139 113 1
139 111 1
139 103 1
139 100 1
139 97 1
139 87 1
139 83 1
139 74 1
139 69 1
139 61 1
139 55 1
139 48 1
139 41 1
139 35 1
139 27 1
139 22 1
139 13 1
139 9 1
140 154 1
140 168 1
140 152 1
140 164 1
140 141 1
140 142 1
140 153 1
140 166 1
140 139 1
140 138 1
140 137 1
140 136 1
140 135 1
140 134 1
140 133 1
140 132 1
140 131 1
140 130 1
140 128 1
140 127 1
140 126 1
140 116 1
140 114 1
140 112 1
140 101 1
140 98 1
140 88 1
140 84 1
140 75 1
140 70 1
140 62 1
140 56 1
140 49 1
140 42 1
140 36 1
140 28 1
140 23 1
140 14 1
140 10 1
140 0 1
141 155 1
141 153 1
141 165 1
141 142 1
141 154 1
141 167 1
141 140 1
141 139 1
141 138 1
141 137 1
141 136 1
141 135 1
141 134 1
141 133 1
141 132 1
141 131 1
141 130 1
141 129 1
141 128 1
141 127 1
141 115 1
141 113 1
141 102 1
141 99 1
141 89 1
141 85 1
141 76 1
141 71 1
141 63 1
141 57 1
141 50 1
141 43 1
141 37 1
141 29 1
141 24 1
141 15 1
141 11 1
141 1 1
142 154 1
142 166 1
142 155 1
142 168 1
142 141 1
142 140 1
142 139 1
142 138 1
142 137 1
142 136 1
142 135 1
142 134 1
142 133 1
142 132 1
142 131 1
142 130 1
142 129 1
142 128 1
142 116 1
142 114 1
142 103 1
142 100 1
142 90 1
142 86 1
142 77 1
142 72 1
142 64 1
142 58 1
142 51 1
142 44 1
142 38 1
142 30 1
142 25 1
142 16 1
142 12 1
142 2 1
143 157 1
143 144 1
143 145 1
143 146 1
143 147 1
143 148 1
143 149 1
143 150 1
143 151 1
143 152 1
143 153 1
143 154 1
143 155 1
143 156 1
143 131 1
143 130 1
143 119 1
143 117 1
143 107 1
143 104 1
143 95 1
143 91 1
143 83 1
143 78 1
143 71 1
143 65 1
143 59 1
143 52 1
143 47 1
143 39 1
143 35 1
143 26 1
143 23 1
143 13 1
143 11 1
143 0 1
144 158 1
144 156 1
144 145 1
144 146 1
144 147 1
144 148 1
144 149 1
144 150 1
144 151 1
144 152 1
144 153 1
144 154 1
144 155 1
144 157 1
144 143 1
144 132 1
144 131 1
144 130 1
144 120 1
144 118 1
144 108 1
144 105 1
144 96 1
144 92 1
144 84 1
144 79 1
144 72 1
144 66 1
144 60 1
144 53 1
144 48 1
144 40 1
144 36 1
144 27 1
144 24 1
144 14 1
144 12 1
144 1 1
145 159 1
145 157 1
145 146 1
145 147 1
145 148 1
145 149 1
145 150 1
145 151 1
145 152 1
145 153 1
145 154 1
145 155 1
145 158 1
145 144 1
145 143 1
145 133 1
145 132 1
145 131 1
145 121 1
145 119 1
145 117 1
145 109 1
145 106 1
145 97 1
145 93 1
145 85 1
145 80 1
145 73 1
145 67 1
145 61 1
145 54 1
145 49 1
145 41 1
145 37 1
145 28 1
145 25 1
145 15 1
145 2 1
146 160 1
146 158 1
146 147 1
146 148 1
146 149 1
146 150 1
146 151 1
146 152 1
146 153 1
146 154 1
146 155 1
146 159 1
146 145 1
146 144 1
146 143 1
146 134 1
146 133 1
146 132 1
146 122 1
146 120 1
146 118 1
146 110 1
146 107 1
146 104 1
146 98 1
146 94 1
146 86 1
146 81 1
146 74 1
146 68 1
146 62 1
146 55 1
146 50 1
146 42 1
146 38 1
146 29 1
146 16 1
146 3 1
147 161 1
147 159 1
147 148 1
147 149 1
147 150 1
147 151 1
147 152 1
147 153 1
147 154 1
147 155 1
147 160 1
147 146 1
147 145 1
147 144 1
147 143 1
147 135 1
147 134 1
147 133 1
147 123 1
147 121 1
147 119 1
147 111 1
147 108 1
147 105 1
147 99 1
147 95 1
147 91 1
147 87 1
147 82 1
147 75 1
147 69 1
147 63 1
147 56 1
147 51 1
147 43 1
147 30 1
147 17 1
147 4 1
148 162 1
148 160 1
148 149 1
148 150 1
148 151 1
148 152 1
148 153 1
148 154 1
148 155 1
148 161 1
148 147 1
148 146 1
148 145 1
148 144 1
148 143 1
148 136 1
148 135 1
148 134 1
148 124 1
148 122 1
148 120 1
148 112 1
148 109 1
148 106 1
148 100 1
148 96 1
148 92 1
148 88 1
148 83 1
148 78 1
148 76 1
148 70 1
148 64 1
148 57 1
148 44 1
148 31 1
148 18 1
148 5 1
149 163 1
149 161 1
149 150 1
149 151 1
149 152 1
149 153 1
149 154 1
149 155 1
149 162 1
149 148 1
149 147 1
149 146 1
149 145 1
149 144 1
149 143 1
149 137 1
149 136 1
149 135 1
149 125 1
149 123 1
149 121 1
149 113 1
149 110 1
149 107 1
149 101 1
149 97 1
149 93 1
149 89 1
149 84 1
149 79 1
149 77 1
149 71 1
149 65 1
149 58 1
149 45 1
149 32 1
149 19 1
149 6 1
150 164 1
150 162 1
150 151 1
150 152 1
150 153 1
150 154 1
150 155 1
150 163 1
150 149 1
150 148 1
150 147 1
150 146 1
150 145 1
150 144 1
150 143 1
150 138 1
150 137 1
150 136 1
150 126 1
150 124 1
150 122 1
150 114 1
150 111 1
150 108 1
150 102 1
150 98 1
150 94 1
150 90 1
150 85 1
150 80 1
150 72 1
150 66 1
150 59 1
150 52 1
150 46 1
150 33 1
150 20 1
150 7 1
151 165 1
151 163 1
151 152 1
151 153 1
151 154 1
151 155 1
151 164 1
151 150 1
151 149 1
151 148 1
151 147 1
151 146 1
151 145 1
151 144 1
151 143 1
151 139 1
151 138 1
151 137 1
151 127 1
151 125 1
151 123 1
151 115 1
151 112 1
151 109 1
151 103 1
151 99 1
151 95 1
151 86 1
151 81 1
151 73 1
151 67 1
151 60 1
151 53 1
151 47 1
151 39 1
151 34 1
151 21 1
151 8 1
152 166 1
152 164 1
152 153 1
152 154 1
152 155 1
152 165 1
152 151 1
152 150 1
152 149 1
152 148 1
152 147 1
152 146 1
152 145 1
152 144 1
152 143 1
152 140 1
152 139 1
152 138 1
152 128 1
152 126 1
152 124 1
152 116 1
152 113 1
152 110 1
152 100 1
152 96 1
152 87 1
152 82 1
152 74 1
152 68 1
152 61 1
152 54 1
152 48 1
152 40 1
152 35 1
152 26 1
152 22 1
152 9 1
153 167 1
153 165 1
153 154 1
153 155 1
153 166 1
153 152 1
153 151 1
153 150 1
153 149 1
153 148 1
153 147 1
153 146 1
153 145 1
153 144 1
153 143 1
153 141 1
153 140 1
153 139 1
153 129 1
153 127 1
153 125 1
153 114 1
153 111 1
153 101 1
153 97 1
153 88 1
153 83 1
153 75 1
153 69 1
153 62 1
153 55 1
153 49 1
153 41 1
153 36 1
153 27 1
153 23 1
153 13 1
153 10 1
154 168 1
154 166 1
154 155 1
154 167 1
154 153 1
154 152 1
154 151 1
154 150 1
154 149 1
154 148 1
154 147 1
154 146 1
154 145 1
154 144 1
154 143 1
154 142 1
154 141 1
154 140 1
154 128 1
154 126 1
154 115 1
154 112 1
154 102 1
154 98 1
154 89 1
154 84 1
154 76 1
154 70 1
154 63 1
154 56 1
154 50 1
154 42 1
154 37 1
154 28 1
154 24 1
154 14 1
154 11 1
154 0 1
155 167 1
155 168 1
155 154 1
155 153 1
155 152 1
155 151 1
155 150 1
155 149 1
155 148 1
155 147 1
155 146 1
155 145 1
155 144 1
155 143 1
155 142 1
155 141 1
155 129 1
155 127 1
155 116 1
155 113 1
155 103 1
155 99 1
155 90 1
155 85 1
155 77 1
155 71 1
155 64 1
155 57 1
155 51 1
155 43 1
155 38 1
155 29 1
155 25 1
155 15 1
155 12 1
155 1 1
156 157 1
156 158 1
156 159 1
156 160 1
156 161 1
156 162 1
156 163 1
156 164 1
156 165 1
156 166 1
156 167 1
156 168 1
156 144 1
156 143 1
156 132 1
156 130 1
156 120 1
156 117 1
156 108 1
156 104 1
156 96 1
156 91 1
156 84 1
156 78 1
156 72 1
156 65 1
156 60 1
156 52 1
156 48 1
156 39 1
156 36 1
156 26 1
156 24 1
156 13 1
156 12 1
156 0 1
157 158 1
157 159 1
157 160 1
157 161 1
157 162 1
157 163 1
157 164 1
157 165 1
157 166 1
157 167 1
157 168 1
157 156 1
157 145 1
157 144 1
157 143 1
157 133 1
157 131 1
157 121 1
157 118 1
157 109 1
157 105 1
157 97 1
157 92 1
157 85 1
157 79 1
157 73 1
157 66 1
157 61 1
157 53 1
157 49 1
157 40 1
157 37 1
157 27 1
157 25 1
157 14 1
157 1 1
158 159 1
158 160 1
158 161 1
158 162 1
158 163 1
158 164 1
158 165 1
158 166 1
158 167 1
158 168 1
158 157 1
158 156 1
158 146 1
158 145 1
158 144 1
158 134 1
158 132 1
158 130 1
158 122 1
158 119 1
158 110 1
158 106 1
158 98 1
158 93 1
158 86 1
158 80 1
158 74 1
158 67 1
158 62 1
158 54 1
158 50 1
158 41 1
158 38 1
158 28 1
158 15 1
158 2 1
159 160 1
159 161 1
159 162 1
159 163 1
159 164 1
159 165 1
159 166 1
159 167 1
159 168 1
159 158 1
159 157 1
159 156 1
159 147 1
159 146 1
159 145 1
159 135 1
159 133 1
159 131 1
159 123 1
159 120 1
159 117 1
159 111 1
159 107 1
159 99 1
159 94 1
159 87 1
159 81 1
159 75 1
159 68 1
159 63 1
159 55 1
159 51 1
159 42 1
159 29 1
159 16 1
159 3 1
160 161 1
160 162 1
160 163 1
160 164 1
160 165 1
160 166 1
160 167 1
160 168 1
160 159 1
160 158 1
160 157 1
160 156 1
160 148 1
160 147 1
160 146 1
160 136 1
160 134 1
160 132 1
160 124 1
160 121 1
160 118 1
160 112 1
160 108 1
160 104 1
160 100 1
160 95 1
160 88 1
160 82 1
160 76 1
160 69 1
160 64 1
160 56 1
160 43 1
160 30 1
160 17 1
160 4 1
161 162 1
161 163 1
161 164 1
161 165 1
161 166 1
161 167 1
161 168 1
161 160 1
161 159 1
161 158 1
161 157 1
161 156 1
161 149 1
161 148 1
161 147 1
161 137 1
161 135 1
161 133 1
161 125 1
161 122 1
161 119 1
161 113 1
161 109 1
161 105 1
161 101 1
161 96 1
161 91 1
161 89 1
161 83 1
161 77 1
161 70 1
161 57 1
161 44 1
161 31 1
161 18 1
161 5 1
162 163 1
162 164 1
162 165 1
162 166 1
162 167 1
162 168 1
162 161 1
162 160 1
162 159 1
162 158 1
162 157 1
162 156 1
162 150 1
162 149 1
162 148 1
162 138 1
162 136 1
162 134 1
162 126 1
162 123 1
162 120 1
162 114 1
162 110 1
162 106 1
162 102 1
162 97 1
162 92 1
162 90 1
162 84 1
162 78 1
162 71 1
162 58 1
162 45 1
162 32 1
162 19 1
162 6 1
163 164 1
163 165 1
163 166 1
163 167 1
163 168 1
163 162 1
163 161 1
163 160 1
163 159 1
163 158 1
163 157 1
163 156 1
163 151 1
163 150 1
163 149 1
163 139 1
163 137 1
163 135 1
163 127 1
163 124 1
163 121 1
163 115 1
163 111 1
163 107 1
163 103 1
163 98 1
163 93 1
163 85 1
163 79 1
163 72 1
163 65 1
163 59 1
163 46 1
163 33 1
163 20 1
163 7 1
164 165 1
164 166 1
164 167 1
164 168 1
164 163 1
164 162 1
164 161 1
164 160 1
164 159 1
164 158 1
164 157 1
164 156 1
164 152 1
164 151 1
164 150 1
164 140 1
164 138 1
164 136 1
164 128 1
164 125 1
164 122 1
164 116 1
164 112 1
164 108 1
164 99 1
164 94 1
164 86 1
164 80 1
164 73 1
164 66 1
164 60 1
164 52 1
164 47 1
164 34 1
164 21 1
164 8 1
165 166 1
165 167 1
165 168 1
165 164 1
165 163 1
165 162 1
165 161 1
165 160 1
165 159 1
165 158 1
165 157 1
165 156 1
165 153 1
165 152 1
165 151 1
165 141 1
165 139 1
165 137 1
165 129 1
165 126 1
165 123 1
165 113 1
165 109 1
165 100 1
165 95 1
165 87 1
165 81 1
165 74 1
165 67 1
165 61 1
165 53 1
165 48 1
165 39 1
165 35 1
165 22 1
165 9 1
166 167 1
166 168 1
166 165 1
166 164 1
166 163 1
166 162 1
166 161 1
166 160 1
166 159 1
166 158 1
166 157 1
166 156 1
166 154 1
166 153 1
166 152 1
166 142 1
166 140 1
166 138 1
166 127 1
166 124 1
166 114 1
166 110 1
166 101 1
166 96 1
166 88 1
166 82 1
166 75 1
166 68 1
166 62 1
166 54 1
166 49 1
166 40 1
166 36 1
166 26 1
166 23 1
166 10 1
167 168 1
167 166 1
167 165 1
167 164 1
167 163 1
167 162 1
167 161 1
167 160 1
167 159 1
167 158 1
167 157 1
167 156 1
167 155 1
167 154 1
167 153 1
167 141 1
167 139 1
167 128 1
167 125 1
167 115 1
167 111 1
167 102 1
167 97 1
167 89 1
167 83 1
167 76 1
167 69 1
167 63 1
167 55 1
167 50 1
167 41 1
167 37 1
167 27 1
167 24 1
167 13 1
167 11 1
168 167 1
168 166 1
168 165 1
168 164 1
168 163 1
168 162 1
168 161 1
168 160 1
168 159 1
168 158 1
168 157 1
168 156 1
168 155 1
168 154 1
168 142 1
168 140 1
168 129 1
168 126 1
168 116 1
168 112 1
168 103 1
168 98 1
168 90 1
168 84 1
168 77 1
168 70 1
168 64 1
168 56 1
168 51 1
168 42 1
168 38 1
168 28 1
168 25 1
168 14 1
168 12 1
168 0 1
;
end;