data;
param V := 225;
param E := 
0 16 1
0 32 1
0 48 1
0 64 1
0 80 1
0 96 1
0 112 1
0 128 1
0 144 1
0 160 1
0 176 1
0 192 1
0 208 1
0 224 1
0 1 1
0 2 1
0 3 1
0 4 1
0 5 1
0 6 1
0 7 1
0 8 1
0 9 1
0 10 1
0 11 1
0 12 1
0 13 1
0 14 1
0 15 1
0 30 1
0 45 1
0 60 1
0 75 1
0 90 1
0 105 1
0 120 1
0 135 1
0 150 1
0 165 1
0 180 1
0 195 1
0 210 1
1 17 1
1 33 1
1 49 1
1 65 1
1 81 1
1 97 1
1 113 1
1 129 1
1 145 1
1 161 1
1 177 1
1 193 1
1 209 1
1 15 1
1 2 1
1 3 1
1 4 1
1 5 1
1 6 1
1 7 1
1 8 1
1 9 1
1 10 1
1 11 1
1 12 1
1 13 1
1 14 1
1 16 1
1 31 1
1 46 1
1 61 1
1 76 1
1 91 1
1 106 1
1 121 1
1 136 1
1 151 1
1 166 1
1 181 1
1 196 1
1 211 1
1 0 1
2 18 1
2 34 1
2 50 1
2 66 1
2 82 1
2 98 1
2 114 1
2 130 1
2 146 1
2 162 1
2 178 1
2 194 1
2 16 1
2 30 1
2 3 1
2 4 1
2 5 1
2 6 1
2 7 1
2 8 1
2 9 1
2 10 1
2 11 1
2 12 1
2 13 1
2 14 1
2 17 1
2 32 1
2 47 1
2 62 1
2 77 1
2 92 1
2 107 1
2 122 1
2 137 1
2 152 1
2 167 1
2 182 1
2 197 1
2 212 1
2 1 1
2 0 1
3 19 1
3 35 1
3 51 1
3 67 1
3 83 1
3 99 1
3 115 1
3 131 1
3 147 1
3 163 1
3 179 1
3 17 1
3 31 1
3 45 1
3 4 1
3 5 1
3 6 1
3 7 1
3 8 1
3 9 1
3 10 1
3 11 1
3 12 1
3 13 1
3 14 1
3 18 1
3 33 1
3 48 1
3 63 1
3 78 1
3 93 1
3 108 1
3 123 1
3 138 1
3 153 1
3 168 1
3 183 1
3 198 1
3 213 1
3 2 1
3 1 1
3 0 1
4 20 1
4 36 1
4 52 1
4 68 1
4 84 1
4 100 1
4 116 1
4 132 1
4 148 1
4 164 1
4 18 1
4 32 1
4 46 1
4 60 1
4 5 1
4 6 1
4 7 1
4 8 1
4 9 1
4 10 1
4 11 1
4 12 1
4 13 1
4 14 1
4 19 1
4 34 1
4 49 1
4 64 1
4 79 1
4 94 1
4 109 1
4 124 1
4 139 1
4 154 1
4 169 1
4 184 1
4 199 1
4 214 1
4 3 1
4 2 1
4 1 1
4 0 1
5 21 1
5 37 1
5 53 1
5 69 1
5 85 1
5 101 1
5 117 1
5 133 1
5 149 1
5 19 1
5 33 1
5 47 1
5 61 1
5 75 1
5 6 1
5 7 1
5 8 1
5 9 1
5 10 1
5 11 1
5 12 1
5 13 1
5 14 1
5 20 1
5 35 1
5 50 1
5 65 1
5 80 1
5 95 1
5 110 1
5 125 1
5 140 1
5 155 1
5 170 1
5 185 1
5 200 1
5 215 1
5 4 1
5 3 1
5 2 1
5 1 1
5 0 1
6 22 1
6 38 1
6 54 1
6 70 1
6 86 1
6 102 1
6 118 1
6 134 1
6 20 1
6 34 1
6 48 1
6 62 1
6 76 1
6 90 1
6 7 1
6 8 1
6 9 1
6 10 1
6 11 1
6 12 1
6 13 1
6 14 1
6 21 1
6 36 1
6 51 1
6 66 1
6 81 1
6 96 1
6 111 1
6 126 1
6 141 1
6 156 1
6 171 1
6 186 1
6 201 1
6 216 1
6 5 1
6 4 1
6 3 1
6 2 1
6 1 1
6 0 1
7 23 1
7 39 1
7 55 1
7 71 1
7 87 1
7 103 1
7 119 1
7 21 1
7 35 1
7 49 1
7 63 1
7 77 1
7 91 1
7 105 1
7 8 1
7 9 1
7 10 1
7 11 1
7 12 1
7 13 1
7 14 1
7 22 1
7 37 1
7 52 1
7 67 1
7 82 1
7 97 1
7 112 1
7 127 1
7 142 1
7 157 1
7 172 1
7 187 1
7 202 1
7 217 1
7 6 1
7 5 1
7 4 1
7 3 1
7 2 1
7 1 1
7 0 1
8 24 1
8 40 1
8 56 1
8 72 1
8 88 1
8 104 1
8 22 1
8 36 1
8 50 1
8 64 1
8 78 1
8 92 1
8 106 1
8 120 1
8 9 1
8 10 1
8 11 1
8 12 1
8 13 1
8 14 1
8 23 1
8 38 1
8 53 1
8 68 1
8 83 1
8 98 1
8 113 1
8 128 1
8 143 1
8 158 1
8 173 1
8 188 1
8 203 1
8 218 1
8 7 1
8 6 1
8 5 1
8 4 1
8 3 1
8 2 1
8 1 1
8 0 1
9 25 1
9 41 1
9 57 1
9 73 1
9 89 1
9 23 1
9 37 1
9 51 1
9 65 1
9 79 1
9 93 1
9 107 1
9 121 1
9 135 1
9 10 1
9 11 1
9 12 1
9 13 1
9 14 1
9 24 1
9 39 1
9 54 1
9 69 1
9 84 1
9 99 1
9 114 1
9 129 1
9 144 1
9 159 1
9 174 1
9 189 1
9 204 1
9 219 1
9 8 1
9 7 1
9 6 1
9 5 1
9 4 1
9 3 1
9 2 1
9 1 1
9 0 1
10 26 1
10 42 1
10 58 1
10 74 1
10 24 1
10 38 1
10 52 1
10 66 1
10 80 1
10 94 1
10 108 1
10 122 1
10 136 1
10 150 1
10 11 1
10 12 1
10 13 1
10 14 1
10 25 1
10 40 1
10 55 1
10 70 1
10 85 1
10 100 1
10 115 1
10 130 1
10 145 1
10 160 1
10 175 1
10 190 1
10 205 1
10 220 1
10 9 1
10 8 1
10 7 1
10 6 1
10 5 1
10 4 1
10 3 1
10 2 1
10 1 1
10 0 1
11 27 1
11 43 1
11 59 1
11 25 1
11 39 1
11 53 1
11 67 1
11 81 1
11 95 1
11 109 1
11 123 1
11 137 1
11 151 1
11 165 1
11 12 1
11 13 1
11 14 1
11 26 1
11 41 1
11 56 1
11 71 1
11 86 1
11 101 1
11 116 1
11 131 1
11 146 1
11 161 1
11 176 1
11 191 1
11 206 1
11 221 1
11 10 1
11 9 1
11 8 1
11 7 1
11 6 1
11 5 1
11 4 1
11 3 1
11 2 1
11 1 1
11 0 1
12 28 1
12 44 1
12 26 1
12 40 1
12 54 1
12 68 1
12 82 1
12 96 1
12 110 1
12 124 1
12 138 1
12 152 1
12 166 1
12 180 1
12 13 1
12 14 1
12 27 1
12 42 1
12 57 1
12 72 1
12 87 1
12 102 1
12 117 1
12 132 1
12 147 1
12 162 1
12 177 1
12 192 1
12 207 1
12 222 1
12 11 1
12 10 1
12 9 1
12 8 1
12 7 1
12 6 1
12 5 1
12 4 1
12 3 1
12 2 1
12 1 1
12 0 1
13 29 1
13 27 1
13 41 1
13 55 1
13 69 1
13 83 1
13 97 1
13 111 1
13 125 1
13 139 1
13 153 1
13 167 1
13 181 1
13 195 1
13 14 1
13 28 1
13 43 1
13 58 1
13 73 1
13 88 1
13 103 1
13 118 1
13 133 1
13 148 1
13 163 1
13 178 1
13 193 1
13 208 1
13 223 1
13 12 1
13 11 1
13 10 1
13 9 1
13 8 1
13 7 1
13 6 1
13 5 1
13 4 1
13 3 1
13 2 1
13 1 1
13 0 1
14 28 1
14 42 1
14 56 1
14 70 1
14 84 1
14 98 1
14 112 1
14 126 1
14 140 1
14 154 1
14 168 1
14 182 1
14 196 1
14 210 1
14 29 1
14 44 1
14 59 1
14 74 1
14 89 1
14 104 1
14 119 1
14 134 1
14 149 1
14 164 1
14 179 1
14 194 1
14 209 1
14 224 1
14 13 1
14 12 1
14 11 1
14 10 1
14 9 1
14 8 1
14 7 1
14 6 1
14 5 1
14 4 1
14 3 1
14 2 1
14 1 1
14 0 1
15 31 1
15 47 1
15 63 1
15 79 1
15 95 1
15 111 1
15 127 1
15 143 1
15 159 1
15 175 1
15 191 1
15 207 1
15 223 1
15 16 1
15 17 1
15 18 1
15 19 1
15 20 1
15 21 1
15 22 1
15 23 1
15 24 1
15 25 1
15 26 1
15 27 1
15 28 1
15 29 1
15 30 1
15 45 1
15 60 1
15 75 1
15 90 1
15 105 1
15 120 1
15 135 1
15 150 1
15 165 1
15 180 1
15 195 1
15 210 1
15 1 1
15 0 1
16 32 1
16 48 1
16 64 1
16 80 1
16 96 1
16 112 1
16 128 1
16 144 1
16 160 1
16 176 1
16 192 1
16 208 1
16 224 1
16 30 1
16 17 1
16 18 1
16 19 1
16 20 1
16 21 1
16 22 1
16 23 1
16 24 1
16 25 1
16 26 1
16 27 1
16 28 1
16 29 1
16 31 1
16 46 1
16 61 1
16 76 1
16 91 1
16 106 1
16 121 1
16 136 1
16 151 1
16 166 1
16 181 1
16 196 1
16 211 1
16 15 1
16 2 1
16 1 1
16 0 1
17 33 1
17 49 1
17 65 1
17 81 1
17 97 1
17 113 1
17 129 1
17 145 1
17 161 1
17 177 1
17 193 1
17 209 1
17 31 1
17 45 1
17 18 1
17 19 1
17 20 1
17 21 1
17 22 1
17 23 1
17 24 1
17 25 1
17 26 1
17 27 1
17 28 1
17 29 1
17 32 1
17 47 1
17 62 1
17 77 1
17 92 1
17 107 1
17 122 1
17 137 1
17 152 1
17 167 1
17 182 1
17 197 1
17 212 1
17 16 1
17 15 1
17 3 1
17 2 1
17 1 1
18 34 1
18 50 1
18 66 1
18 82 1
18 98 1
18 114 1
18 130 1
18 146 1
18 162 1
18 178 1
18 194 1
18 32 1
18 46 1
18 60 1
18 19 1
18 20 1
18 21 1
18 22 1
18 23 1
18 24 1
18 25 1
18 26 1
18 27 1
18 28 1
18 29 1
18 33 1
18 48 1
18 63 1
18 78 1
18 93 1
18 108 1
18 123 1
18 138 1
18 153 1
18 168 1
18 183 1
18 198 1
18 213 1
18 17 1
18 16 1
18 15 1
18 4 1
18 3 1
18 2 1
19 35 1
19 51 1
19 67 1
19 83 1
19 99 1
19 115 1
19 131 1
19 147 1
19 163 1
19 179 1
19 33 1
19 47 1
19 61 1
19 75 1
19 20 1
19 21 1
19 22 1
19 23 1
19 24 1
19 25 1
19 26 1
19 27 1
19 28 1
19 29 1
19 34 1
19 49 1
19 64 1
19 79 1
19 94 1
19 109 1
19 124 1
19 139 1
19 154 1
19 169 1
19 184 1
19 199 1
19 214 1
19 18 1
19 17 1
19 16 1
19 15 1
19 5 1
19 4 1
19 3 1
20 36 1
20 52 1
20 68 1
20 84 1
20 100 1
20 116 1
20 132 1
20 148 1
20 164 1
20 34 1
20 48 1
20 62 1
20 76 1
20 90 1
20 21 1
20 22 1
20 23 1
20 24 1
20 25 1
20 26 1
20 27 1
20 28 1
20 29 1
20 35 1
20 50 1
20 65 1
20 80 1
20 95 1
20 110 1
20 125 1
20 140 1
20 155 1
20 170 1
20 185 1
20 200 1
20 215 1
20 19 1
20 18 1
20 17 1
20 16 1
20 15 1
20 6 1
20 5 1
20 4 1
21 37 1
21 53 1
21 69 1
21 85 1
21 101 1
21 117 1
21 133 1
21 149 1
21 35 1
21 49 1
21 63 1
21 77 1
21 91 1
21 105 1
21 22 1
21 23 1
21 24 1
21 25 1
21 26 1
21 27 1
21 28 1
21 29 1
21 36 1
21 51 1
21 66 1
21 81 1
21 96 1
21 111 1
21 126 1
21 141 1
21 156 1
21 171 1
21 186 1
21 201 1
21 216 1
21 20 1
21 19 1
21 18 1
21 17 1
21 16 1
21 15 1
21 7 1
21 6 1
21 5 1
22 38 1
22 54 1
22 70 1
22 86 1
22 102 1
22 118 1
22 134 1
22 36 1
22 50 1
22 64 1
22 78 1
22 92 1
22 106 1
22 120 1
22 23 1
22 24 1
22 25 1
22 26 1
22 27 1
22 28 1
22 29 1
22 37 1
22 52 1
22 67 1
22 82 1
22 97 1
22 112 1
22 127 1
22 142 1
22 157 1
22 172 1
22 187 1
22 202 1
22 217 1
22 21 1
22 20 1
22 19 1
22 18 1
22 17 1
22 16 1
22 15 1
22 8 1
22 7 1
22 6 1
23 39 1
23 55 1
23 71 1
23 87 1
23 103 1
23 119 1
23 37 1
23 51 1
23 65 1
23 79 1
23 93 1
23 107 1
23 121 1
23 135 1
23 24 1
23 25 1
23 26 1
23 27 1
23 28 1
23 29 1
23 38 1
23 53 1
23 68 1
23 83 1
23 98 1
23 113 1
23 128 1
23 143 1
23 158 1
23 173 1
23 188 1
23 203 1
23 218 1
23 22 1
23 21 1
23 20 1
23 19 1
23 18 1
23 17 1
23 16 1
23 15 1
23 9 1
23 8 1
23 7 1
24 40 1
24 56 1
24 72 1
24 88 1
24 104 1
24 38 1
24 52 1
24 66 1
24 80 1
24 94 1
24 108 1
24 122 1
24 136 1
24 150 1
24 25 1
24 26 1
24 27 1
24 28 1
24 29 1
24 39 1
24 54 1
24 69 1
24 84 1
24 99 1
24 114 1
24 129 1
24 144 1
24 159 1
24 174 1
24 189 1
24 204 1
24 219 1
24 23 1
24 22 1
24 21 1
24 20 1
24 19 1
24 18 1
24 17 1
24 16 1
24 15 1
24 10 1
24 9 1
24 8 1
25 41 1
25 57 1
25 73 1
25 89 1
25 39 1
25 53 1
25 67 1
25 81 1
25 95 1
25 109 1
25 123 1
25 137 1
25 151 1
25 165 1
25 26 1
25 27 1
25 28 1
25 29 1
25 40 1
25 55 1
25 70 1
25 85 1
25 100 1
25 115 1
25 130 1
25 145 1
25 160 1
25 175 1
25 190 1
25 205 1
25 220 1
25 24 1
25 23 1
25 22 1
25 21 1
25 20 1
25 19 1
25 18 1
25 17 1
25 16 1
25 15 1
25 11 1
25 10 1
25 9 1
26 42 1
26 58 1
26 74 1
26 40 1
26 54 1
26 68 1
26 82 1
26 96 1
26 110 1
26 124 1
26 138 1
26 152 1
26 166 1
26 180 1
26 27 1
26 28 1
26 29 1
26 41 1
26 56 1
26 71 1
26 86 1
26 101 1
26 116 1
26 131 1
26 146 1
26 161 1
26 176 1
26 191 1
26 206 1
26 221 1
26 25 1
26 24 1
26 23 1
26 22 1
26 21 1
26 20 1
26 19 1
26 18 1
26 17 1
26 16 1
26 15 1
26 12 1
26 11 1
26 10 1
27 43 1
27 59 1
27 41 1
27 55 1
27 69 1
27 83 1
27 97 1
27 111 1
27 125 1
27 139 1
27 153 1
27 167 1
27 181 1
27 195 1
27 28 1
27 29 1
27 42 1
27 57 1
27 72 1
27 87 1
27 102 1
27 117 1
27 132 1
27 147 1
27 162 1
27 177 1
27 192 1
27 207 1
27 222 1
27 26 1
27 25 1
27 24 1
27 23 1
27 22 1
27 21 1
27 20 1
27 19 1
27 18 1
27 17 1
27 16 1
27 15 1
27 13 1
27 12 1
27 11 1
28 44 1
28 42 1
28 56 1
28 70 1
28 84 1
28 98 1
28 112 1
28 126 1
28 140 1
28 154 1
28 168 1
28 182 1
28 196 1
28 210 1
28 29 1
28 43 1
28 58 1
28 73 1
28 88 1
28 103 1
28 118 1
28 133 1
28 148 1
28 163 1
28 178 1
28 193 1
28 208 1
28 223 1
28 27 1
28 26 1
28 25 1
28 24 1
28 23 1
28 22 1
28 21 1
28 20 1
28 19 1
28 18 1
28 17 1
28 16 1
28 15 1
28 14 1
28 13 1
28 12 1
29 43 1
29 57 1
29 71 1
29 85 1
29 99 1
29 113 1
29 127 1
29 141 1
29 155 1
29 169 1
29 183 1
29 197 1
29 211 1
29 44 1
29 59 1
29 74 1
29 89 1
29 104 1
29 119 1
29 134 1
29 149 1
29 164 1
29 179 1
29 194 1
29 209 1
29 224 1
29 28 1
29 27 1
29 26 1
29 25 1
29 24 1
29 23 1
29 22 1
29 21 1
29 20 1
29 19 1
29 18 1
29 17 1
29 16 1
29 15 1
29 14 1
29 13 1
30 46 1
30 62 1
30 78 1
30 94 1
30 110 1
30 126 1
30 142 1
30 158 1
30 174 1
30 190 1
30 206 1
30 222 1
30 31 1
30 32 1
30 33 1
30 34 1
30 35 1
30 36 1
30 37 1
30 38 1
30 39 1
30 40 1
30 41 1
30 42 1
30 43 1
30 44 1
30 45 1
30 60 1
30 75 1
30 90 1
30 105 1
30 120 1
30 135 1
30 150 1
30 165 1
30 180 1
30 195 1
30 210 1
30 16 1
30 15 1
30 2 1
30 0 1
31 47 1
31 63 1
31 79 1
31 95 1
31 111 1
31 127 1
31 143 1
31 159 1
31 175 1
31 191 1
31 207 1
31 223 1
31 45 1
31 32 1
31 33 1
31 34 1
31 35 1
31 36 1
31 37 1
31 38 1
31 39 1
31 40 1
31 41 1
31 42 1
31 43 1
31 44 1
31 46 1
31 61 1
31 76 1
31 91 1
31 106 1
31 121 1
31 136 1
31 151 1
31 166 1
31 181 1
31 196 1
31 211 1
31 30 1
31 17 1
31 16 1
31 15 1
31 3 1
31 1 1
32 48 1
32 64 1
32 80 1
32 96 1
32 112 1
32 128 1
32 144 1
32 160 1
32 176 1
32 192 1
32 208 1
32 224 1
32 46 1
32 60 1
32 33 1
32 34 1
32 35 1
32 36 1
32 37 1
32 38 1
32 39 1
32 40 1
32 41 1
32 42 1
32 43 1
32 44 1
32 47 1
32 62 1
32 77 1
32 92 1
32 107 1
32 122 1
32 137 1
32 152 1
32 167 1
32 182 1
32 197 1
32 212 1
32 31 1
32 30 1
32 18 1
32 17 1
32 16 1
32 4 1
32 2 1
32 0 1
33 49 1
33 65 1
33 81 1
33 97 1
33 113 1
33 129 1
33 145 1
33 161 1
33 177 1
33 193 1
33 209 1
33 47 1
33 61 1
33 75 1
33 34 1
33 35 1
33 36 1
33 37 1
33 38 1
33 39 1
33 40 1
33 41 1
33 42 1
33 43 1
33 44 1
33 48 1
33 63 1
33 78 1
33 93 1
33 108 1
33 123 1
33 138 1
33 153 1
33 168 1
33 183 1
33 198 1
33 213 1
33 32 1
33 31 1
33 30 1
33 19 1
33 18 1
33 17 1
33 5 1
33 3 1
33 1 1
34 50 1
34 66 1
34 82 1
34 98 1
34 114 1
34 130 1
34 146 1
34 162 1
34 178 1
34 194 1
34 48 1
34 62 1
34 76 1
34 90 1
34 35 1
34 36 1
34 37 1
34 38 1
34 39 1
34 40 1
34 41 1
34 42 1
34 43 1
34 44 1
34 49 1
34 64 1
34 79 1
34 94 1
34 109 1
34 124 1
34 139 1
34 154 1
34 169 1
34 184 1
34 199 1
34 214 1
34 33 1
34 32 1
34 31 1
34 30 1
34 20 1
34 19 1
34 18 1
34 6 1
34 4 1
34 2 1
35 51 1
35 67 1
35 83 1
35 99 1
35 115 1
35 131 1
35 147 1
35 163 1
35 179 1
35 49 1
35 63 1
35 77 1
35 91 1
35 105 1
35 36 1
35 37 1
35 38 1
35 39 1
35 40 1
35 41 1
35 42 1
35 43 1
35 44 1
35 50 1
35 65 1
35 80 1
35 95 1
35 110 1
35 125 1
35 140 1
35 155 1
35 170 1
35 185 1
35 200 1
35 215 1
35 34 1
35 33 1
35 32 1
35 31 1
35 30 1
35 21 1
35 20 1
35 19 1
35 7 1
35 5 1
35 3 1
36 52 1
36 68 1
36 84 1
36 100 1
36 116 1
36 132 1
36 148 1
36 164 1
36 50 1
36 64 1
36 78 1
36 92 1
36 106 1
36 120 1
36 37 1
36 38 1
36 39 1
36 40 1
36 41 1
36 42 1
36 43 1
36 44 1
36 51 1
36 66 1
36 81 1
36 96 1
36 111 1
36 126 1
36 141 1
36 156 1
36 171 1
36 186 1
36 201 1
36 216 1
36 35 1
36 34 1
36 33 1
36 32 1
36 31 1
36 30 1
36 22 1
36 21 1
36 20 1
36 8 1
36 6 1
36 4 1
37 53 1
37 69 1
37 85 1
37 101 1
37 117 1
37 133 1
37 149 1
37 51 1
37 65 1
37 79 1
37 93 1
37 107 1
37 121 1
37 135 1
37 38 1
37 39 1
37 40 1
37 41 1
37 42 1
37 43 1
37 44 1
37 52 1
37 67 1
37 82 1
37 97 1
37 112 1
37 127 1
37 142 1
37 157 1
37 172 1
37 187 1
37 202 1
37 217 1
37 36 1
37 35 1
37 34 1
37 33 1
37 32 1
37 31 1
37 30 1
37 23 1
37 22 1
37 21 1
37 9 1
37 7 1
37 5 1
38 54 1
38 70 1
38 86 1
38 102 1
38 118 1
38 134 1
38 52 1
38 66 1
38 80 1
38 94 1
38 108 1
38 122 1
38 136 1
38 150 1
38 39 1
38 40 1
38 41 1
38 42 1
38 43 1
38 44 1
38 53 1
38 68 1
38 83 1
38 98 1
38 113 1
38 128 1
38 143 1
38 158 1
38 173 1
38 188 1
38 203 1
38 218 1
38 37 1
38 36 1
38 35 1
38 34 1
38 33 1
38 32 1
38 31 1
38 30 1
38 24 1
38 23 1
38 22 1
38 10 1
38 8 1
38 6 1
39 55 1
39 71 1
39 87 1
39 103 1
39 119 1
39 53 1
39 67 1
39 81 1
39 95 1
39 109 1
39 123 1
39 137 1
39 151 1
39 165 1
39 40 1
39 41 1
39 42 1
39 43 1
39 44 1
39 54 1
39 69 1
39 84 1
39 99 1
39 114 1
39 129 1
39 144 1
39 159 1
39 174 1
39 189 1
39 204 1
39 219 1
39 38 1
39 37 1
39 36 1
39 35 1
39 34 1
39 33 1
39 32 1
39 31 1
39 30 1
39 25 1
39 24 1
39 23 1
39 11 1
39 9 1
39 7 1
40 56 1
40 72 1
40 88 1
40 104 1
40 54 1
40 68 1
40 82 1
40 96 1
40 110 1
40 124 1
40 138 1
40 152 1
40 166 1
40 180 1
40 41 1
40 42 1
40 43 1
40 44 1
40 55 1
40 70 1
40 85 1
40 100 1
40 115 1
40 130 1
40 145 1
40 160 1
40 175 1
40 190 1
40 205 1
40 220 1
40 39 1
40 38 1
40 37 1
40 36 1
40 35 1
40 34 1
40 33 1
40 32 1
40 31 1
40 30 1
40 26 1
40 25 1
40 24 1
40 12 1
40 10 1
40 8 1
41 57 1
41 73 1
41 89 1
41 55 1
41 69 1
41 83 1
41 97 1
41 111 1
41 125 1
41 139 1
41 153 1
41 167 1
41 181 1
41 195 1
41 42 1
41 43 1
41 44 1
41 56 1
41 71 1
41 86 1
41 101 1
41 116 1
41 131 1
41 146 1
41 161 1
41 176 1
41 191 1
41 206 1
41 221 1
41 40 1
41 39 1
41 38 1
41 37 1
41 36 1
41 35 1
41 34 1
41 33 1
41 32 1
41 31 1
41 30 1
41 27 1
41 26 1
41 25 1
41 13 1
41 11 1
41 9 1
42 58 1
42 74 1
42 56 1
42 70 1
42 84 1
42 98 1
42 112 1
42 126 1
42 140 1
42 154 1
42 168 1
42 182 1
42 196 1
42 210 1
42 43 1
42 44 1
42 57 1
42 72 1
42 87 1
42 102 1
42 117 1
42 132 1
42 147 1
42 162 1
42 177 1
42 192 1
42 207 1
42 222 1
42 41 1
42 40 1
42 39 1
42 38 1
42 37 1
42 36 1
42 35 1
42 34 1
42 33 1
42 32 1
42 31 1
42 30 1
42 28 1
42 27 1
42 26 1
42 14 1
42 12 1
42 10 1
43 59 1
43 57 1
43 71 1
43 85 1
43 99 1
43 113 1
43 127 1
43 141 1
43 155 1
43 169 1
43 183 1
43 197 1
43 211 1
43 44 1
43 58 1
43 73 1
43 88 1
43 103 1
43 118 1
43 133 1
43 148 1
43 163 1
43 178 1
43 193 1
43 208 1
43 223 1
43 42 1
43 41 1
43 40 1
43 39 1
43 38 1
43 37 1
43 36 1
43 35 1
43 34 1
43 33 1
43 32 1
43 31 1
43 30 1
43 29 1
43 28 1
43 27 1
43 13 1
43 11 1
44 58 1
44 72 1
44 86 1
44 100 1
44 114 1
44 128 1
44 142 1
44 156 1
44 170 1
44 184 1
44 198 1
44 212 1
44 59 1
44 74 1
44 89 1
44 104 1
44 119 1
44 134 1
44 149 1
44 164 1
44 179 1
44 194 1
44 209 1
44 224 1
44 43 1
44 42 1
44 41 1
44 40 1
44 39 1
44 38 1
44 37 1
44 36 1
44 35 1
44 34 1
44 33 1
44 32 1
44 31 1
44 30 1
44 29 1
44 28 1
44 14 1
44 12 1
45 61 1
45 77 1
45 93 1
45 109 1
45 125 1
45 141 1
45 157 1
45 173 1
45 189 1
45 205 1
45 221 1
45 46 1
45 47 1
45 48 1
45 49 1
45 50 1
45 51 1
45 52 1
45 53 1
45 54 1
45 55 1
45 56 1
45 57 1
45 58 1
45 59 1
45 60 1
45 75 1
45 90 1
45 105 1
45 120 1
45 135 1
45 150 1
45 165 1
45 180 1
45 195 1
45 210 1
45 31 1
45 30 1
45 17 1
45 15 1
45 3 1
45 0 1
46 62 1
46 78 1
46 94 1
46 110 1
46 126 1
46 142 1
46 158 1
46 174 1
46 190 1
46 206 1
46 222 1
46 60 1
46 47 1
46 48 1
46 49 1
46 50 1
46 51 1
46 52 1
46 53 1
46 54 1
46 55 1
46 56 1
46 57 1
46 58 1
46 59 1
46 61 1
46 76 1
46 91 1
46 106 1
46 121 1
46 136 1
46 151 1
46 166 1
46 181 1
46 196 1
46 211 1
46 45 1
46 32 1
46 31 1
46 30 1
46 18 1
46 16 1
46 4 1
46 1 1
47 63 1
47 79 1
47 95 1
47 111 1
47 127 1
47 143 1
47 159 1
47 175 1
47 191 1
47 207 1
47 223 1
47 61 1
47 75 1
47 48 1
47 49 1
47 50 1
47 51 1
47 52 1
47 53 1
47 54 1
47 55 1
47 56 1
47 57 1
47 58 1
47 59 1
47 62 1
47 77 1
47 92 1
47 107 1
47 122 1
47 137 1
47 152 1
47 167 1
47 182 1
47 197 1
47 212 1
47 46 1
47 45 1
47 33 1
47 32 1
47 31 1
47 19 1
47 17 1
47 15 1
47 5 1
47 2 1
48 64 1
48 80 1
48 96 1
48 112 1
48 128 1
48 144 1
48 160 1
48 176 1
48 192 1
48 208 1
48 224 1
48 62 1
48 76 1
48 90 1
48 49 1
48 50 1
48 51 1
48 52 1
48 53 1
48 54 1
48 55 1
48 56 1
48 57 1
48 58 1
48 59 1
48 63 1
48 78 1
48 93 1
48 108 1
48 123 1
48 138 1
48 153 1
48 168 1
48 183 1
48 198 1
48 213 1
48 47 1
48 46 1
48 45 1
48 34 1
48 33 1
48 32 1
48 20 1
48 18 1
48 16 1
48 6 1
48 3 1
48 0 1
49 65 1
49 81 1
49 97 1
49 113 1
49 129 1
49 145 1
49 161 1
49 177 1
49 193 1
49 209 1
49 63 1
49 77 1
49 91 1
49 105 1
49 50 1
49 51 1
49 52 1
49 53 1
49 54 1
49 55 1
49 56 1
49 57 1
49 58 1
49 59 1
49 64 1
49 79 1
49 94 1
49 109 1
49 124 1
49 139 1
49 154 1
49 169 1
49 184 1
49 199 1
49 214 1
49 48 1
49 47 1
49 46 1
49 45 1
49 35 1
49 34 1
49 33 1
49 21 1
49 19 1
49 17 1
49 7 1
49 4 1
49 1 1
50 66 1
50 82 1
50 98 1
50 114 1
50 130 1
50 146 1
50 162 1
50 178 1
50 194 1
50 64 1
50 78 1
50 92 1
50 106 1
50 120 1
50 51 1
50 52 1
50 53 1
50 54 1
50 55 1
50 56 1
50 57 1
50 58 1
50 59 1
50 65 1
50 80 1
50 95 1
50 110 1
50 125 1
50 140 1
50 155 1
50 170 1
50 185 1
50 200 1
50 215 1
50 49 1
50 48 1
50 47 1
50 46 1
50 45 1
50 36 1
50 35 1
50 34 1
50 22 1
50 20 1
50 18 1
50 8 1
50 5 1
50 2 1
51 67 1
51 83 1
51 99 1
51 115 1
51 131 1
51 147 1
51 163 1
51 179 1
51 65 1
51 79 1
51 93 1
51 107 1
51 121 1
51 135 1
51 52 1
51 53 1
51 54 1
51 55 1
51 56 1
51 57 1
51 58 1
51 59 1
51 66 1
51 81 1
51 96 1
51 111 1
51 126 1
51 141 1
51 156 1
51 171 1
51 186 1
51 201 1
51 216 1
51 50 1
51 49 1
51 48 1
51 47 1
51 46 1
51 45 1
51 37 1
51 36 1
51 35 1
51 23 1
51 21 1
51 19 1
51 9 1
51 6 1
51 3 1
52 68 1
52 84 1
52 100 1
52 116 1
52 132 1
52 148 1
52 164 1
52 66 1
52 80 1
52 94 1
52 108 1
52 122 1
52 136 1
52 150 1
52 53 1
52 54 1
52 55 1
52 56 1
52 57 1
52 58 1
52 59 1
52 67 1
52 82 1
52 97 1
52 112 1
52 127 1
52 142 1
52 157 1
52 172 1
52 187 1
52 202 1
52 217 1
52 51 1
52 50 1
52 49 1
52 48 1
52 47 1
52 46 1
52 45 1
52 38 1
52 37 1
52 36 1
52 24 1
52 22 1
52 20 1
52 10 1
52 7 1
52 4 1
53 69 1
53 85 1
53 101 1
53 117 1
53 133 1
53 149 1
53 67 1
53 81 1
53 95 1
53 109 1
53 123 1
53 137 1
53 151 1
53 165 1
53 54 1
53 55 1
53 56 1
53 57 1
53 58 1
53 59 1
53 68 1
53 83 1
53 98 1
53 113 1
53 128 1
53 143 1
53 158 1
53 173 1
53 188 1
53 203 1
53 218 1
53 52 1
53 51 1
53 50 1
53 49 1
53 48 1
53 47 1
53 46 1
53 45 1
53 39 1
53 38 1
53 37 1
53 25 1
53 23 1
53 21 1
53 11 1
53 8 1
53 5 1
54 70 1
54 86 1
54 102 1
54 118 1
54 134 1
54 68 1
54 82 1
54 96 1
54 110 1
54 124 1
54 138 1
54 152 1
54 166 1
54 180 1
54 55 1
54 56 1
54 57 1
54 58 1
54 59 1
54 69 1
54 84 1
54 99 1
54 114 1
54 129 1
54 144 1
54 159 1
54 174 1
54 189 1
54 204 1
54 219 1
54 53 1
54 52 1
54 51 1
54 50 1
54 49 1
54 48 1
54 47 1
54 46 1
54 45 1
54 40 1
54 39 1
54 38 1
54 26 1
54 24 1
54 22 1
54 12 1
54 9 1
54 6 1
55 71 1
55 87 1
55 103 1
55 119 1
55 69 1
55 83 1
55 97 1
55 111 1
55 125 1
55 139 1
55 153 1
55 167 1
55 181 1
55 195 1
55 56 1
55 57 1
55 58 1
55 59 1
55 70 1
55 85 1
55 100 1
55 115 1
55 130 1
55 145 1
55 160 1
55 175 1
55 190 1
55 205 1
55 220 1
55 54 1
55 53 1
55 52 1
55 51 1
55 50 1
55 49 1
55 48 1
55 47 1
55 46 1
55 45 1
55 41 1
55 40 1
55 39 1
55 27 1
55 25 1
55 23 1
55 13 1
55 10 1
55 7 1
56 72 1
56 88 1
56 104 1
56 70 1
56 84 1
56 98 1
56 112 1
56 126 1
56 140 1
56 154 1
56 168 1
56 182 1
56 196 1
56 210 1
56 57 1
56 58 1
56 59 1
56 71 1
56 86 1
56 101 1
56 116 1
56 131 1
56 146 1
56 161 1
56 176 1
56 191 1
56 206 1
56 221 1
56 55 1
56 54 1
56 53 1
56 52 1
56 51 1
56 50 1
56 49 1
56 48 1
56 47 1
56 46 1
56 45 1
56 42 1
56 41 1
56 40 1
56 28 1
56 26 1
56 24 1
56 14 1
56 11 1
56 8 1
57 73 1
57 89 1
57 71 1
57 85 1
57 99 1
57 113 1
57 127 1
57 141 1
57 155 1
57 169 1
57 183 1
57 197 1
57 211 1
57 58 1
57 59 1
57 72 1
57 87 1
57 102 1
57 117 1
57 132 1
57 147 1
57 162 1
57 177 1
57 192 1
57 207 1
57 222 1
57 56 1
57 55 1
57 54 1
57 53 1
57 52 1
57 51 1
57 50 1
57 49 1
57 48 1
57 47 1
57 46 1
57 45 1
57 43 1
57 42 1
57 41 1
57 29 1
57 27 1
57 25 1
57 12 1
57 9 1
58 74 1
58 72 1
58 86 1
58 100 1
58 114 1
58 128 1
58 142 1
58 156 1
58 170 1
58 184 1
58 198 1
58 212 1
58 59 1
58 73 1
58 88 1
58 103 1
58 118 1
58 133 1
58 148 1
58 163 1
58 178 1
58 193 1
58 208 1
58 223 1
58 57 1
58 56 1
58 55 1
58 54 1
58 53 1
58 52 1
58 51 1
58 50 1
58 49 1
58 48 1
58 47 1
58 46 1
58 45 1
58 44 1
58 43 1
58 42 1
58 28 1
58 26 1
58 13 1
58 10 1
59 73 1
59 87 1
59 101 1
59 115 1
59 129 1
59 143 1
59 157 1
59 171 1
59 185 1
59 199 1
59 213 1
59 74 1
59 89 1
59 104 1
59 119 1
59 134 1
59 149 1
59 164 1
59 179 1
59 194 1
59 209 1
59 224 1
59 58 1
59 57 1
59 56 1
59 55 1
59 54 1
59 53 1
59 52 1
59 51 1
59 50 1
59 49 1
59 48 1
59 47 1
59 46 1
59 45 1
59 44 1
59 43 1
59 29 1
59 27 1
59 14 1
59 11 1
60 76 1
60 92 1
60 108 1
60 124 1
60 140 1
60 156 1
60 172 1
60 188 1
60 204 1
60 220 1
60 61 1
60 62 1
60 63 1
60 64 1
60 65 1
60 66 1
60 67 1
60 68 1
60 69 1
60 70 1
60 71 1
60 72 1
60 73 1
60 74 1
60 75 1
60 90 1
60 105 1
60 120 1
60 135 1
60 150 1
60 165 1
60 180 1
60 195 1
60 210 1
60 46 1
60 45 1
60 32 1
60 30 1
60 18 1
60 15 1
60 4 1
60 0 1
61 77 1
61 93 1
61 109 1
61 125 1
61 141 1
61 157 1
61 173 1
61 189 1
61 205 1
61 221 1
61 75 1
61 62 1
61 63 1
61 64 1
61 65 1
61 66 1
61 67 1
61 68 1
61 69 1
61 70 1
61 71 1
61 72 1
61 73 1
61 74 1
61 76 1
61 91 1
61 106 1
61 121 1
61 136 1
61 151 1
61 166 1
61 181 1
61 196 1
61 211 1
61 60 1
61 47 1
61 46 1
61 45 1
61 33 1
61 31 1
61 19 1
61 16 1
61 5 1
61 1 1
62 78 1
62 94 1
62 110 1
62 126 1
62 142 1
62 158 1
62 174 1
62 190 1
62 206 1
62 222 1
62 76 1
62 90 1
62 63 1
62 64 1
62 65 1
62 66 1
62 67 1
62 68 1
62 69 1
62 70 1
62 71 1
62 72 1
62 73 1
62 74 1
62 77 1
62 92 1
62 107 1
62 122 1
62 137 1
62 152 1
62 167 1
62 182 1
62 197 1
62 212 1
62 61 1
62 60 1
62 48 1
62 47 1
62 46 1
62 34 1
62 32 1
62 30 1
62 20 1
62 17 1
62 6 1
62 2 1
63 79 1
63 95 1
63 111 1
63 127 1
63 143 1
63 159 1
63 175 1
63 191 1
63 207 1
63 223 1
63 77 1
63 91 1
63 105 1
63 64 1
63 65 1
63 66 1
63 67 1
63 68 1
63 69 1
63 70 1
63 71 1
63 72 1
63 73 1
63 74 1
63 78 1
63 93 1
63 108 1
63 123 1
63 138 1
63 153 1
63 168 1
63 183 1
63 198 1
63 213 1
63 62 1
63 61 1
63 60 1
63 49 1
63 48 1
63 47 1
63 35 1
63 33 1
63 31 1
63 21 1
63 18 1
63 15 1
63 7 1
63 3 1
64 80 1
64 96 1
64 112 1
64 128 1
64 144 1
64 160 1
64 176 1
64 192 1
64 208 1
64 224 1
64 78 1
64 92 1
64 106 1
64 120 1
64 65 1
64 66 1
64 67 1
64 68 1
64 69 1
64 70 1
64 71 1
64 72 1
64 73 1
64 74 1
64 79 1
64 94 1
64 109 1
64 124 1
64 139 1
64 154 1
64 169 1
64 184 1
64 199 1
64 214 1
64 63 1
64 62 1
64 61 1
64 60 1
64 50 1
64 49 1
64 48 1
64 36 1
64 34 1
64 32 1
64 22 1
64 19 1
64 16 1
64 8 1
64 4 1
64 0 1
65 81 1
65 97 1
65 113 1
65 129 1
65 145 1
65 161 1
65 177 1
65 193 1
65 209 1
65 79 1
65 93 1
65 107 1
65 121 1
65 135 1
65 66 1
65 67 1
65 68 1
65 69 1
65 70 1
65 71 1
65 72 1
65 73 1
65 74 1
65 80 1
65 95 1
65 110 1
65 125 1
65 140 1
65 155 1
65 170 1
65 185 1
65 200 1
65 215 1
65 64 1
65 63 1
65 62 1
65 61 1
65 60 1
65 51 1
65 50 1
65 49 1
65 37 1
65 35 1
65 33 1
65 23 1
65 20 1
65 17 1
65 9 1
65 5 1
65 1 1
66 82 1
66 98 1
66 114 1
66 130 1
66 146 1
66 162 1
66 178 1
66 194 1
66 80 1
66 94 1
66 108 1
66 122 1
66 136 1
66 150 1
66 67 1
66 68 1
66 69 1
66 70 1
66 71 1
66 72 1
66 73 1
66 74 1
66 81 1
66 96 1
66 111 1
66 126 1
66 141 1
66 156 1
66 171 1
66 186 1
66 201 1
66 216 1
66 65 1
66 64 1
66 63 1
66 62 1
66 61 1
66 60 1
66 52 1
66 51 1
66 50 1
66 38 1
66 36 1
66 34 1
66 24 1
66 21 1
66 18 1
66 10 1
66 6 1
66 2 1
67 83 1
67 99 1
67 115 1
67 131 1
67 147 1
67 163 1
67 179 1
67 81 1
67 95 1
67 109 1
67 123 1
67 137 1
67 151 1
67 165 1
67 68 1
67 69 1
67 70 1
67 71 1
67 72 1
67 73 1
67 74 1
67 82 1
67 97 1
67 112 1
67 127 1
67 142 1
67 157 1
67 172 1
67 187 1
67 202 1
67 217 1
67 66 1
67 65 1
67 64 1
67 63 1
67 62 1
67 61 1
67 60 1
67 53 1
67 52 1
67 51 1
67 39 1
67 37 1
67 35 1
67 25 1
67 22 1
67 19 1
67 11 1
67 7 1
67 3 1
68 84 1
68 100 1
68 116 1
68 132 1
68 148 1
68 164 1
68 82 1
68 96 1
68 110 1
68 124 1
68 138 1
68 152 1
68 166 1
68 180 1
68 69 1
68 70 1
68 71 1
68 72 1
68 73 1
68 74 1
68 83 1
68 98 1
68 113 1
68 128 1
68 143 1
68 158 1
68 173 1
68 188 1
68 203 1
68 218 1
68 67 1
68 66 1
68 65 1
68 64 1
68 63 1
68 62 1
68 61 1
68 60 1
68 54 1
68 53 1
68 52 1
68 40 1
68 38 1
68 36 1
68 26 1
68 23 1
68 20 1
68 12 1
68 8 1
68 4 1
69 85 1
69 101 1
69 117 1
69 133 1
69 149 1
69 83 1
69 97 1
69 111 1
69 125 1
69 139 1
69 153 1
69 167 1
69 181 1
69 195 1
69 70 1
69 71 1
69 72 1
69 73 1
69 74 1
69 84 1
69 99 1
69 114 1
69 129 1
69 144 1
69 159 1
69 174 1
69 189 1
69 204 1
69 219 1
69 68 1
69 67 1
69 66 1
69 65 1
69 64 1
69 63 1
69 62 1
69 61 1
69 60 1
69 55 1
69 54 1
69 53 1
69 41 1
69 39 1
69 37 1
69 27 1
69 24 1
69 21 1
69 13 1
69 9 1
69 5 1
70 86 1
70 102 1
70 118 1
70 134 1
70 84 1
70 98 1
70 112 1
70 126 1
70 140 1
70 154 1
70 168 1
70 182 1
70 196 1
70 210 1
70 71 1
70 72 1
70 73 1
70 74 1
70 85 1
70 100 1
70 115 1
70 130 1
70 145 1
70 160 1
70 175 1
70 190 1
70 205 1
70 220 1
70 69 1
70 68 1
70 67 1
70 66 1
70 65 1
70 64 1
70 63 1
70 62 1
70 61 1
70 60 1
70 56 1
70 55 1
70 54 1
70 42 1
70 40 1
70 38 1
70 28 1
70 25 1
70 22 1
70 14 1
70 10 1
70 6 1
71 87 1
71 103 1
71 119 1
71 85 1
71 99 1
71 113 1
71 127 1
71 141 1
71 155 1
71 169 1
71 183 1
71 197 1
71 211 1
71 72 1
71 73 1
71 74 1
71 86 1
71 101 1
71 116 1
71 131 1
71 146 1
71 161 1
71 176 1
71 191 1
71 206 1
71 221 1
71 70 1
71 69 1
71 68 1
71 67 1
71 66 1
71 65 1
71 64 1
71 63 1
71 62 1
71 61 1
71 60 1
71 57 1
71 56 1
71 55 1
71 43 1
71 41 1
71 39 1
71 29 1
71 26 1
71 23 1
71 11 1
71 7 1
72 88 1
72 104 1
72 86 1
72 100 1
72 114 1
72 128 1
72 142 1
72 156 1
72 170 1
72 184 1
72 198 1
72 212 1
72 73 1
72 74 1
72 87 1
72 102 1
72 117 1
72 132 1
72 147 1
72 162 1
72 177 1
72 192 1
72 207 1
72 222 1
72 71 1
72 70 1
72 69 1
72 68 1
72 67 1
72 66 1
72 65 1
72 64 1
72 63 1
72 62 1
72 61 1
72 60 1
72 58 1
72 57 1
72 56 1
72 44 1
72 42 1
72 40 1
72 27 1
72 24 1
72 12 1
72 8 1
73 89 1
73 87 1
73 101 1
73 115 1
73 129 1
73 143 1
73 157 1
73 171 1
73 185 1
73 199 1
73 213 1
73 74 1
73 88 1
73 103 1
73 118 1
73 133 1
73 148 1
73 163 1
73 178 1
73 193 1
73 208 1
73 223 1
73 72 1
73 71 1
73 70 1
73 69 1
73 68 1
73 67 1
73 66 1
73 65 1
73 64 1
73 63 1
73 62 1
73 61 1
73 60 1
73 59 1
73 58 1
73 57 1
73 43 1
73 41 1
73 28 1
73 25 1
73 13 1
73 9 1
74 88 1
74 102 1
74 116 1
74 130 1
74 144 1
74 158 1
74 172 1
74 186 1
74 200 1
74 214 1
74 89 1
74 104 1
74 119 1
74 134 1
74 149 1
74 164 1
74 179 1
74 194 1
74 209 1
74 224 1
74 73 1
74 72 1
74 71 1
74 70 1
74 69 1
74 68 1
74 67 1
74 66 1
74 65 1
74 64 1
74 63 1
74 62 1
74 61 1
74 60 1
74 59 1
74 58 1
74 44 1
74 42 1
74 29 1
74 26 1
74 14 1
74 10 1
75 91 1
75 107 1
75 123 1
75 139 1
75 155 1
75 171 1
75 187 1
75 203 1
75 219 1
75 76 1
75 77 1
75 78 1
75 79 1
75 80 1
75 81 1
75 82 1
75 83 1
75 84 1
75 85 1
75 86 1
75 87 1
75 88 1
75 89 1
75 90 1
75 105 1
75 120 1
75 135 1
75 150 1
75 165 1
75 180 1
75 195 1
75 210 1
75 61 1
75 60 1
75 47 1
75 45 1
75 33 1
75 30 1
75 19 1
75 15 1
75 5 1
75 0 1
76 92 1
76 108 1
76 124 1
76 140 1
76 156 1
76 172 1
76 188 1
76 204 1
76 220 1
76 90 1
76 77 1
76 78 1
76 79 1
76 80 1
76 81 1
76 82 1
76 83 1
76 84 1
76 85 1
76 86 1
76 87 1
76 88 1
76 89 1
76 91 1
76 106 1
76 121 1
76 136 1
76 151 1
76 166 1
76 181 1
76 196 1
76 211 1
76 75 1
76 62 1
76 61 1
76 60 1
76 48 1
76 46 1
76 34 1
76 31 1
76 20 1
76 16 1
76 6 1
76 1 1
77 93 1
77 109 1
77 125 1
77 141 1
77 157 1
77 173 1
77 189 1
77 205 1
77 221 1
77 91 1
77 105 1
77 78 1
77 79 1
77 80 1
77 81 1
77 82 1
77 83 1
77 84 1
77 85 1
77 86 1
77 87 1
77 88 1
77 89 1
77 92 1
77 107 1
77 122 1
77 137 1
77 152 1
77 167 1
77 182 1
77 197 1
77 212 1
77 76 1
77 75 1
77 63 1
77 62 1
77 61 1
77 49 1
77 47 1
77 45 1
77 35 1
77 32 1
77 21 1
77 17 1
77 7 1
77 2 1
78 94 1
78 110 1
78 126 1
78 142 1
78 158 1
78 174 1
78 190 1
78 206 1
78 222 1
78 92 1
78 106 1
78 120 1
78 79 1
78 80 1
78 81 1
78 82 1
78 83 1
78 84 1
78 85 1
78 86 1
78 87 1
78 88 1
78 89 1
78 93 1
78 108 1
78 123 1
78 138 1
78 153 1
78 168 1
78 183 1
78 198 1
78 213 1
78 77 1
78 76 1
78 75 1
78 64 1
78 63 1
78 62 1
78 50 1
78 48 1
78 46 1
78 36 1
78 33 1
78 30 1
78 22 1
78 18 1
78 8 1
78 3 1
79 95 1
79 111 1
79 127 1
79 143 1
79 159 1
79 175 1
79 191 1
79 207 1
79 223 1
79 93 1
79 107 1
79 121 1
79 135 1
79 80 1
79 81 1
79 82 1
79 83 1
79 84 1
79 85 1
79 86 1
79 87 1
79 88 1
79 89 1
79 94 1
79 109 1
79 124 1
79 139 1
79 154 1
79 169 1
79 184 1
79 199 1
79 214 1
79 78 1
79 77 1
79 76 1
79 75 1
79 65 1
79 64 1
79 63 1
79 51 1
79 49 1
79 47 1
79 37 1
79 34 1
79 31 1
79 23 1
79 19 1
79 15 1
79 9 1
79 4 1
80 96 1
80 112 1
80 128 1
80 144 1
80 160 1
80 176 1
80 192 1
80 208 1
80 224 1
80 94 1
80 108 1
80 122 1
80 136 1
80 150 1
80 81 1
80 82 1
80 83 1
80 84 1
80 85 1
80 86 1
80 87 1
80 88 1
80 89 1
80 95 1
80 110 1
80 125 1
80 140 1
80 155 1
80 170 1
80 185 1
80 200 1
80 215 1
80 79 1
80 78 1
80 77 1
80 76 1
80 75 1
80 66 1
80 65 1
80 64 1
80 52 1
80 50 1
80 48 1
80 38 1
80 35 1
80 32 1
80 24 1
80 20 1
80 16 1
80 10 1
80 5 1
80 0 1
81 97 1
81 113 1
81 129 1
81 145 1
81 161 1
81 177 1
81 193 1
81 209 1
81 95 1
81 109 1
81 123 1
81 137 1
81 151 1
81 165 1
81 82 1
81 83 1
81 84 1
81 85 1
81 86 1
81 87 1
81 88 1
81 89 1
81 96 1
81 111 1
81 126 1
81 141 1
81 156 1
81 171 1
81 186 1
81 201 1
81 216 1
81 80 1
81 79 1
81 78 1
81 77 1
81 76 1
81 75 1
81 67 1
81 66 1
81 65 1
81 53 1
81 51 1
81 49 1
81 39 1
81 36 1
81 33 1
81 25 1
81 21 1
81 17 1
81 11 1
81 6 1
81 1 1
82 98 1
82 114 1
82 130 1
82 146 1
82 162 1
82 178 1
82 194 1
82 96 1
82 110 1
82 124 1
82 138 1
82 152 1
82 166 1
82 180 1
82 83 1
82 84 1
82 85 1
82 86 1
82 87 1
82 88 1
82 89 1
82 97 1
82 112 1
82 127 1
82 142 1
82 157 1
82 172 1
82 187 1
82 202 1
82 217 1
82 81 1
82 80 1
82 79 1
82 78 1
82 77 1
82 76 1
82 75 1
82 68 1
82 67 1
82 66 1
82 54 1
82 52 1
82 50 1
82 40 1
82 37 1
82 34 1
82 26 1
82 22 1
82 18 1
82 12 1
82 7 1
82 2 1
83 99 1
83 115 1
83 131 1
83 147 1
83 163 1
83 179 1
83 97 1
83 111 1
83 125 1
83 139 1
83 153 1
83 167 1
83 181 1
83 195 1
83 84 1
83 85 1
83 86 1
83 87 1
83 88 1
83 89 1
83 98 1
83 113 1
83 128 1
83 143 1
83 158 1
83 173 1
83 188 1
83 203 1
83 218 1
83 82 1
83 81 1
83 80 1
83 79 1
83 78 1
83 77 1
83 76 1
83 75 1
83 69 1
83 68 1
83 67 1
83 55 1
83 53 1
83 51 1
83 41 1
83 38 1
83 35 1
83 27 1
83 23 1
83 19 1
83 13 1
83 8 1
83 3 1
84 100 1
84 116 1
84 132 1
84 148 1
84 164 1
84 98 1
84 112 1
84 126 1
84 140 1
84 154 1
84 168 1
84 182 1
84 196 1
84 210 1
84 85 1
84 86 1
84 87 1
84 88 1
84 89 1
84 99 1
84 114 1
84 129 1
84 144 1
84 159 1
84 174 1
84 189 1
84 204 1
84 219 1
84 83 1
84 82 1
84 81 1
84 80 1
84 79 1
84 78 1
84 77 1
84 76 1
84 75 1
84 70 1
84 69 1
84 68 1
84 56 1
84 54 1
84 52 1
84 42 1
84 39 1
84 36 1
84 28 1
84 24 1
84 20 1
84 14 1
84 9 1
84 4 1
85 101 1
85 117 1
85 133 1
85 149 1
85 99 1
85 113 1
85 127 1
85 141 1
85 155 1
85 169 1
85 183 1
85 197 1
85 211 1
85 86 1
85 87 1
85 88 1
85 89 1
85 100 1
85 115 1
85 130 1
85 145 1
85 160 1
85 175 1
85 190 1
85 205 1
85 220 1
85 84 1
85 83 1
85 82 1
85 81 1
85 80 1
85 79 1
85 78 1
85 77 1
85 76 1
85 75 1
85 71 1
85 70 1
85 69 1
85 57 1
85 55 1
85 53 1
85 43 1
85 40 1
85 37 1
85 29 1
85 25 1
85 21 1
85 10 1
85 5 1
86 102 1
86 118 1
86 134 1
86 100 1
86 114 1
86 128 1
86 142 1
86 156 1
86 170 1
86 184 1
86 198 1
86 212 1
86 87 1
86 88 1
86 89 1
86 101 1
86 116 1
86 131 1
86 146 1
86 161 1
86 176 1
86 191 1
86 206 1
86 221 1
86 85 1
86 84 1
86 83 1
86 82 1
86 81 1
86 80 1
86 79 1
86 78 1
86 77 1
86 76 1
86 75 1
86 72 1
86 71 1
86 70 1
86 58 1
86 56 1
86 54 1
86 44 1
86 41 1
86 38 1
86 26 1
86 22 1
86 11 1
86 6 1
87 103 1
87 119 1
87 101 1
87 115 1
87 129 1
87 143 1
87 157 1
87 171 1
87 185 1
87 199 1
87 213 1
87 88 1
87 89 1
87 102 1
87 117 1
87 132 1
87 147 1
87 162 1
87 177 1
87 192 1
87 207 1
87 222 1
87 86 1
87 85 1
87 84 1
87 83 1
87 82 1
87 81 1
87 80 1
87 79 1
87 78 1
87 77 1
87 76 1
87 75 1
87 73 1
87 72 1
87 71 1
87 59 1
87 57 1
87 55 1
87 42 1
87 39 1
87 27 1
87 23 1
87 12 1
87 7 1
88 104 1
88 102 1
88 116 1
88 130 1
88 144 1
88 158 1
88 172 1
88 186 1
88 200 1
88 214 1
88 89 1
88 103 1
88 118 1
88 133 1
88 148 1
88 163 1
88 178 1
88 193 1
88 208 1
88 223 1
88 87 1
88 86 1
88 85 1
88 84 1
88 83 1
88 82 1
88 81 1
88 80 1
88 79 1
88 78 1
88 77 1
88 76 1
88 75 1
88 74 1
88 73 1
88 72 1
88 58 1
88 56 1
88 43 1
88 40 1
88 28 1
88 24 1
88 13 1
88 8 1
89 103 1
89 117 1
89 131 1
89 145 1
89 159 1
89 173 1
89 187 1
89 201 1
89 215 1
89 104 1
89 119 1
89 134 1
89 149 1
89 164 1
89 179 1
89 194 1
89 209 1
89 224 1
89 88 1
89 87 1
89 86 1
89 85 1
89 84 1
89 83 1
89 82 1
89 81 1
89 80 1
89 79 1
89 78 1
89 77 1
89 76 1
89 75 1
89 74 1
89 73 1
89 59 1
89 57 1
89 44 1
89 41 1
89 29 1
89 25 1
89 14 1
89 9 1
90 106 1
90 122 1
90 138 1
90 154 1
90 170 1
90 186 1
90 202 1
90 218 1
90 91 1
90 92 1
90 93 1
90 94 1
90 95 1
90 96 1
90 97 1
90 98 1
90 99 1
90 100 1
90 101 1
90 102 1
90 103 1
90 104 1
90 105 1
90 120 1
90 135 1
90 150 1
90 165 1
90 180 1
90 195 1
90 210 1
90 76 1
90 75 1
90 62 1
90 60 1
90 48 1
90 45 1
90 34 1
90 30 1
90 20 1
90 15 1
90 6 1
90 0 1
91 107 1
91 123 1
91 139 1
91 155 1
91 171 1
91 187 1
91 203 1
91 219 1
91 105 1
91 92 1
91 93 1
91 94 1
91 95 1
91 96 1
91 97 1
91 98 1
91 99 1
91 100 1
91 101 1
91 102 1
91 103 1
91 104 1
91 106 1
91 121 1
91 136 1
91 151 1
91 166 1
91 181 1
91 196 1
91 211 1
91 90 1
91 77 1
91 76 1
91 75 1
91 63 1
91 61 1
91 49 1
91 46 1
91 35 1
91 31 1
91 21 1
91 16 1
91 7 1
91 1 1
92 108 1
92 124 1
92 140 1
92 156 1
92 172 1
92 188 1
92 204 1
92 220 1
92 106 1
92 120 1
92 93 1
92 94 1
92 95 1
92 96 1
92 97 1
92 98 1
92 99 1
92 100 1
92 101 1
92 102 1
92 103 1
92 104 1
92 107 1
92 122 1
92 137 1
92 152 1
92 167 1
92 182 1
92 197 1
92 212 1
92 91 1
92 90 1
92 78 1
92 77 1
92 76 1
92 64 1
92 62 1
92 60 1
92 50 1
92 47 1
92 36 1
92 32 1
92 22 1
92 17 1
92 8 1
92 2 1
93 109 1
93 125 1
93 141 1
93 157 1
93 173 1
93 189 1
93 205 1
93 221 1
93 107 1
93 121 1
93 135 1
93 94 1
93 95 1
93 96 1
93 97 1
93 98 1
93 99 1
93 100 1
93 101 1
93 102 1
93 103 1
93 104 1
93 108 1
93 123 1
93 138 1
93 153 1
93 168 1
93 183 1
93 198 1
93 213 1
93 92 1
93 91 1
93 90 1
93 79 1
93 78 1
93 77 1
93 65 1
93 63 1
93 61 1
93 51 1
93 48 1
93 45 1
93 37 1
93 33 1
93 23 1
93 18 1
93 9 1
93 3 1
94 110 1
94 126 1
94 142 1
94 158 1
94 174 1
94 190 1
94 206 1
94 222 1
94 108 1
94 122 1
94 136 1
94 150 1
94 95 1
94 96 1
94 97 1
94 98 1
94 99 1
94 100 1
94 101 1
94 102 1
94 103 1
94 104 1
94 109 1
94 124 1
94 139 1
94 154 1
94 169 1
94 184 1
94 199 1
94 214 1
94 93 1
94 92 1
94 91 1
94 90 1
94 80 1
94 79 1
94 78 1
94 66 1
94 64 1
94 62 1
94 52 1
94 49 1
94 46 1
94 38 1
94 34 1
94 30 1
94 24 1
94 19 1
94 10 1
94 4 1
95 111 1
95 127 1
95 143 1
95 159 1
95 175 1
95 191 1
95 207 1
95 223 1
95 109 1
95 123 1
95 137 1
95 151 1
95 165 1
95 96 1
95 97 1
95 98 1
95 99 1
95 100 1
95 101 1
95 102 1
95 103 1
95 104 1
95 110 1
95 125 1
95 140 1
95 155 1
95 170 1
95 185 1
95 200 1
95 215 1
95 94 1
95 93 1
95 92 1
95 91 1
95 90 1
95 81 1
95 80 1
95 79 1
95 67 1
95 65 1
95 63 1
95 53 1
95 50 1
95 47 1
95 39 1
95 35 1
95 31 1
95 25 1
95 20 1
95 15 1
95 11 1
95 5 1
96 112 1
96 128 1
96 144 1
96 160 1
96 176 1
96 192 1
96 208 1
96 224 1
96 110 1
96 124 1
96 138 1
96 152 1
96 166 1
96 180 1
96 97 1
96 98 1
96 99 1
96 100 1
96 101 1
96 102 1
96 103 1
96 104 1
96 111 1
96 126 1
96 141 1
96 156 1
96 171 1
96 186 1
96 201 1
96 216 1
96 95 1
96 94 1
96 93 1
96 92 1
96 91 1
96 90 1
96 82 1
96 81 1
96 80 1
96 68 1
96 66 1
96 64 1
96 54 1
96 51 1
96 48 1
96 40 1
96 36 1
96 32 1
96 26 1
96 21 1
96 16 1
96 12 1
96 6 1
96 0 1
97 113 1
97 129 1
97 145 1
97 161 1
97 177 1
97 193 1
97 209 1
97 111 1
97 125 1
97 139 1
97 153 1
97 167 1
97 181 1
97 195 1
97 98 1
97 99 1
97 100 1
97 101 1
97 102 1
97 103 1
97 104 1
97 112 1
97 127 1
97 142 1
97 157 1
97 172 1
97 187 1
97 202 1
97 217 1
97 96 1
97 95 1
97 94 1
97 93 1
97 92 1
97 91 1
97 90 1
97 83 1
97 82 1
97 81 1
97 69 1
97 67 1
97 65 1
97 55 1
97 52 1
97 49 1
97 41 1
97 37 1
97 33 1
97 27 1
97 22 1
97 17 1
97 13 1
97 7 1
97 1 1
98 114 1
98 130 1
98 146 1
98 162 1
98 178 1
98 194 1
98 112 1
98 126 1
98 140 1
98 154 1
98 168 1
98 182 1
98 196 1
98 210 1
98 99 1
98 100 1
98 101 1
98 102 1
98 103 1
98 104 1
98 113 1
98 128 1
98 143 1
98 158 1
98 173 1
98 188 1
98 203 1
98 218 1
98 97 1
98 96 1
98 95 1
98 94 1
98 93 1
98 92 1
98 91 1
98 90 1
98 84 1
98 83 1
98 82 1
98 70 1
98 68 1
98 66 1
98 56 1
98 53 1
98 50 1
98 42 1
98 38 1
98 34 1
98 28 1
98 23 1
98 18 1
98 14 1
98 8 1
98 2 1
99 115 1
99 131 1
99 147 1
99 163 1
99 179 1
99 113 1
99 127 1
99 141 1
99 155 1
99 169 1
99 183 1
99 197 1
99 211 1
99 100 1
99 101 1
99 102 1
99 103 1
99 104 1
99 114 1
99 129 1
99 144 1
99 159 1
99 174 1
99 189 1
99 204 1
99 219 1
99 98 1
99 97 1
99 96 1
99 95 1
99 94 1
99 93 1
99 92 1
99 91 1
99 90 1
99 85 1
99 84 1
99 83 1
99 71 1
99 69 1
99 67 1
99 57 1
99 54 1
99 51 1
99 43 1
99 39 1
99 35 1
99 29 1
99 24 1
99 19 1
99 9 1
99 3 1
100 116 1
100 132 1
100 148 1
100 164 1
100 114 1
100 128 1
100 142 1
100 156 1
100 170 1
100 184 1
100 198 1
100 212 1
100 101 1
100 102 1
100 103 1
100 104 1
100 115 1
100 130 1
100 145 1
100 160 1
100 175 1
100 190 1
100 205 1
100 220 1
100 99 1
100 98 1
100 97 1
100 96 1
100 95 1
100 94 1
100 93 1
100 92 1
100 91 1
100 90 1
100 86 1
100 85 1
100 84 1
100 72 1
100 70 1
100 68 1
100 58 1
100 55 1
100 52 1
100 44 1
100 40 1
100 36 1
100 25 1
100 20 1
100 10 1
100 4 1
101 117 1
101 133 1
101 149 1
101 115 1
101 129 1
101 143 1
101 157 1
101 171 1
101 185 1
101 199 1
101 213 1
101 102 1
101 103 1
101 104 1
101 116 1
101 131 1
101 146 1
101 161 1
101 176 1
101 191 1
101 206 1
101 221 1
101 100 1
101 99 1
101 98 1
101 97 1
101 96 1
101 95 1
101 94 1
101 93 1
101 92 1
101 91 1
101 90 1
101 87 1
101 86 1
101 85 1
101 73 1
101 71 1
101 69 1
101 59 1
101 56 1
101 53 1
101 41 1
101 37 1
101 26 1
101 21 1
101 11 1
101 5 1
102 118 1
102 134 1
102 116 1
102 130 1
102 144 1
102 158 1
102 172 1
102 186 1
102 200 1
102 214 1
102 103 1
102 104 1
102 117 1
102 132 1
102 147 1
102 162 1
102 177 1
102 192 1
102 207 1
102 222 1
102 101 1
102 100 1
102 99 1
102 98 1
102 97 1
102 96 1
102 95 1
102 94 1
102 93 1
102 92 1
102 91 1
102 90 1
102 88 1
102 87 1
102 86 1
102 74 1
102 72 1
102 70 1
102 57 1
102 54 1
102 42 1
102 38 1
102 27 1
102 22 1
102 12 1
102 6 1
103 119 1
103 117 1
103 131 1
103 145 1
103 159 1
103 173 1
103 187 1
103 201 1
103 215 1
103 104 1
103 118 1
103 133 1
103 148 1
103 163 1
103 178 1
103 193 1
103 208 1
103 223 1
103 102 1
103 101 1
103 100 1
103 99 1
103 98 1
103 97 1
103 96 1
103 95 1
103 94 1
103 93 1
103 92 1
103 91 1
103 90 1
103 89 1
103 88 1
103 87 1
103 73 1
103 71 1
103 58 1
103 55 1
103 43 1
103 39 1
103 28 1
103 23 1
103 13 1
103 7 1
104 118 1
104 132 1
104 146 1
104 160 1
104 174 1
104 188 1
104 202 1
104 216 1
104 119 1
104 134 1
104 149 1
104 164 1
104 179 1
104 194 1
104 209 1
104 224 1
104 103 1
104 102 1
104 101 1
104 100 1
104 99 1
104 98 1
104 97 1
104 96 1
104 95 1
104 94 1
104 93 1
104 92 1
104 91 1
104 90 1
104 89 1
104 88 1
104 74 1
104 72 1
104 59 1
104 56 1
104 44 1
104 40 1
104 29 1
104 24 1
104 14 1
104 8 1
105 121 1
105 137 1
105 153 1
105 169 1
105 185 1
105 201 1
105 217 1
105 106 1
105 107 1
105 108 1
105 109 1
105 110 1
105 111 1
105 112 1
105 113 1
105 114 1
105 115 1
105 116 1
105 117 1
105 118 1
105 119 1
105 120 1
105 135 1
105 150 1
105 165 1
105 180 1
105 195 1
105 210 1
105 91 1
105 90 1
105 77 1
105 75 1
105 63 1
105 60 1
105 49 1
105 45 1
105 35 1
105 30 1
105 21 1
105 15 1
105 7 1
105 0 1
106 122 1
106 138 1
106 154 1
106 170 1
106 186 1
106 202 1
106 218 1
106 120 1
106 107 1
106 108 1
106 109 1
106 110 1
106 111 1
106 112 1
106 113 1
106 114 1
106 115 1
106 116 1
106 117 1
106 118 1
106 119 1
106 121 1
106 136 1
106 151 1
106 166 1
106 181 1
106 196 1
106 211 1
106 105 1
106 92 1
106 91 1
106 90 1
106 78 1
106 76 1
106 64 1
106 61 1
106 50 1
106 46 1
106 36 1
106 31 1
106 22 1
106 16 1
106 8 1
106 1 1
107 123 1
107 139 1
107 155 1
107 171 1
107 187 1
107 203 1
107 219 1
107 121 1
107 135 1
107 108 1
107 109 1
107 110 1
107 111 1
107 112 1
107 113 1
107 114 1
107 115 1
107 116 1
107 117 1
107 118 1
107 119 1
107 122 1
107 137 1
107 152 1
107 167 1
107 182 1
107 197 1
107 212 1
107 106 1
107 105 1
107 93 1
107 92 1
107 91 1
107 79 1
107 77 1
107 75 1
107 65 1
107 62 1
107 51 1
107 47 1
107 37 1
107 32 1
107 23 1
107 17 1
107 9 1
107 2 1
108 124 1
108 140 1
108 156 1
108 172 1
108 188 1
108 204 1
108 220 1
108 122 1
108 136 1
108 150 1
108 109 1
108 110 1
108 111 1
108 112 1
108 113 1
108 114 1
108 115 1
108 116 1
108 117 1
108 118 1
108 119 1
108 123 1
108 138 1
108 153 1
108 168 1
108 183 1
108 198 1
108 213 1
108 107 1
108 106 1
108 105 1
108 94 1
108 93 1
108 92 1
108 80 1
108 78 1
108 76 1
108 66 1
108 63 1
108 60 1
108 52 1
108 48 1
108 38 1
108 33 1
108 24 1
108 18 1
108 10 1
108 3 1
109 125 1
109 141 1
109 157 1
109 173 1
109 189 1
109 205 1
109 221 1
109 123 1
109 137 1
109 151 1
109 165 1
109 110 1
109 111 1
109 112 1
109 113 1
109 114 1
109 115 1
109 116 1
109 117 1
109 118 1
109 119 1
109 124 1
109 139 1
109 154 1
109 169 1
109 184 1
109 199 1
109 214 1
109 108 1
109 107 1
109 106 1
109 105 1
109 95 1
109 94 1
109 93 1
109 81 1
109 79 1
109 77 1
109 67 1
109 64 1
109 61 1
109 53 1
109 49 1
109 45 1
109 39 1
109 34 1
109 25 1
109 19 1
109 11 1
109 4 1
110 126 1
110 142 1
110 158 1
110 174 1
110 190 1
110 206 1
110 222 1
110 124 1
110 138 1
110 152 1
110 166 1
110 180 1
110 111 1
110 112 1
110 113 1
110 114 1
110 115 1
110 116 1
110 117 1
110 118 1
110 119 1
110 125 1
110 140 1
110 155 1
110 170 1
110 185 1
110 200 1
110 215 1
110 109 1
110 108 1
110 107 1
110 106 1
110 105 1
110 96 1
110 95 1
110 94 1
110 82 1
110 80 1
110 78 1
110 68 1
110 65 1
110 62 1
110 54 1
110 50 1
110 46 1
110 40 1
110 35 1
110 30 1
110 26 1
110 20 1
110 12 1
110 5 1
111 127 1
111 143 1
111 159 1
111 175 1
111 191 1
111 207 1
111 223 1
111 125 1
111 139 1
111 153 1
111 167 1
111 181 1
111 195 1
111 112 1
111 113 1
111 114 1
111 115 1
111 116 1
111 117 1
111 118 1
111 119 1
111 126 1
111 141 1
111 156 1
111 171 1
111 186 1
111 201 1
111 216 1
111 110 1
111 109 1
111 108 1
111 107 1
111 106 1
111 105 1
111 97 1
111 96 1
111 95 1
111 83 1
111 81 1
111 79 1
111 69 1
111 66 1
111 63 1
111 55 1
111 51 1
111 47 1
111 41 1
111 36 1
111 31 1
111 27 1
111 21 1
111 15 1
111 13 1
111 6 1
112 128 1
112 144 1
112 160 1
112 176 1
112 192 1
112 208 1
112 224 1
112 126 1
112 140 1
112 154 1
112 168 1
112 182 1
112 196 1
112 210 1
112 113 1
112 114 1
112 115 1
112 116 1
112 117 1
112 118 1
112 119 1
112 127 1
112 142 1
112 157 1
112 172 1
112 187 1
112 202 1
112 217 1
112 111 1
112 110 1
112 109 1
112 108 1
112 107 1
112 106 1
112 105 1
112 98 1
112 97 1
112 96 1
112 84 1
112 82 1
112 80 1
112 70 1
112 67 1
112 64 1
112 56 1
112 52 1
112 48 1
112 42 1
112 37 1
112 32 1
112 28 1
112 22 1
112 16 1
112 14 1
112 7 1
112 0 1
113 129 1
113 145 1
113 161 1
113 177 1
113 193 1
113 209 1
113 127 1
113 141 1
113 155 1
113 169 1
113 183 1
113 197 1
113 211 1
113 114 1
113 115 1
113 116 1
113 117 1
113 118 1
113 119 1
113 128 1
113 143 1
113 158 1
113 173 1
113 188 1
113 203 1
113 218 1
113 112 1
113 111 1
113 110 1
113 109 1
113 108 1
113 107 1
113 106 1
113 105 1
113 99 1
113 98 1
113 97 1
113 85 1
113 83 1
113 81 1
113 71 1
113 68 1
113 65 1
113 57 1
113 53 1
113 49 1
113 43 1
113 38 1
113 33 1
113 29 1
113 23 1
113 17 1
113 8 1
113 1 1
114 130 1
114 146 1
114 162 1
114 178 1
114 194 1
114 128 1
114 142 1
114 156 1
114 170 1
114 184 1
114 198 1
114 212 1
114 115 1
114 116 1
114 117 1
114 118 1
114 119 1
114 129 1
114 144 1
114 159 1
114 174 1
114 189 1
114 204 1
114 219 1
114 113 1
114 112 1
114 111 1
114 110 1
114 109 1
114 108 1
114 107 1
114 106 1
114 105 1
114 100 1
114 99 1
114 98 1
114 86 1
114 84 1
114 82 1
114 72 1
114 69 1
114 66 1
114 58 1
114 54 1
114 50 1
114 44 1
114 39 1
114 34 1
114 24 1
114 18 1
114 9 1
114 2 1
115 131 1
115 147 1
115 163 1
115 179 1
115 129 1
115 143 1
115 157 1
115 171 1
115 185 1
115 199 1
115 213 1
115 116 1
115 117 1
115 118 1
115 119 1
115 130 1
115 145 1
115 160 1
115 175 1
115 190 1
115 205 1
115 220 1
115 114 1
115 113 1
115 112 1
115 111 1
115 110 1
115 109 1
115 108 1
115 107 1
115 106 1
115 105 1
115 101 1
115 100 1
115 99 1
115 87 1
115 85 1
115 83 1
115 73 1
115 70 1
115 67 1
115 59 1
115 55 1
115 51 1
115 40 1
115 35 1
115 25 1
115 19 1
115 10 1
115 3 1
116 132 1
116 148 1
116 164 1
116 130 1
116 144 1
116 158 1
116 172 1
116 186 1
116 200 1
116 214 1
116 117 1
116 118 1
116 119 1
116 131 1
116 146 1
116 161 1
116 176 1
116 191 1
116 206 1
116 221 1
116 115 1
116 114 1
116 113 1
116 112 1
116 111 1
116 110 1
116 109 1
116 108 1
116 107 1
116 106 1
116 105 1
116 102 1
116 101 1
116 100 1
116 88 1
116 86 1
116 84 1
116 74 1
116 71 1
116 68 1
116 56 1
116 52 1
116 41 1
116 36 1
116 26 1
116 20 1
116 11 1
116 4 1
117 133 1
117 149 1
117 131 1
117 145 1
117 159 1
117 173 1
117 187 1
117 201 1
117 215 1
117 118 1
117 119 1
117 132 1
117 147 1
117 162 1
117 177 1
117 192 1
117 207 1
117 222 1
117 116 1
117 115 1
117 114 1
117 113 1
117 112 1
117 111 1
117 110 1
117 109 1
117 108 1
117 107 1
117 106 1
117 105 1
117 103 1
117 102 1
117 101 1
117 89 1
117 87 1
117 85 1
117 72 1
117 69 1
117 57 1
117 53 1
117 42 1
117 37 1
117 27 1
117 21 1
117 12 1
117 5 1
118 134 1
118 132 1
118 146 1
118 160 1
118 174 1
118 188 1
118 202 1
118 216 1
118 119 1
118 133 1
118 148 1
118 163 1
118 178 1
118 193 1
118 208 1
118 223 1
118 117 1
118 116 1
118 115 1
118 114 1
118 113 1
118 112 1
118 111 1
118 110 1
118 109 1
118 108 1
118 107 1
118 106 1
118 105 1
118 104 1
118 103 1
118 102 1
118 88 1
118 86 1
118 73 1
118 70 1
118 58 1
118 54 1
118 43 1
118 38 1
118 28 1
118 22 1
118 13 1
118 6 1
119 133 1
119 147 1
119 161 1
119 175 1
119 189 1
119 203 1
119 217 1
119 134 1
119 149 1
119 164 1
119 179 1
119 194 1
119 209 1
119 224 1
119 118 1
119 117 1
119 116 1
119 115 1
119 114 1
119 113 1
119 112 1
119 111 1
119 110 1
119 109 1
119 108 1
119 107 1
119 106 1
119 105 1
119 104 1
119 103 1
119 89 1
119 87 1
119 74 1
119 71 1
119 59 1
119 55 1
119 44 1
119 39 1
119 29 1
119 23 1
119 14 1
119 7 1
120 136 1
120 152 1
120 168 1
120 184 1
120 200 1
120 216 1
120 121 1
120 122 1
120 123 1
120 124 1
120 125 1
120 126 1
120 127 1
120 128 1
120 129 1
120 130 1
120 131 1
120 132 1
120 133 1
120 134 1
120 135 1
120 150 1
120 165 1
120 180 1
120 195 1
120 210 1
120 106 1
120 105 1
120 92 1
120 90 1
120 78 1
120 75 1
120 64 1
120 60 1
120 50 1
120 45 1
120 36 1
120 30 1
120 22 1
120 15 1
120 8 1
120 0 1
121 137 1
121 153 1
121 169 1
121 185 1
121 201 1
121 217 1
121 135 1
121 122 1
121 123 1
121 124 1
121 125 1
121 126 1
121 127 1
121 128 1
121 129 1
121 130 1
121 131 1
121 132 1
121 133 1
121 134 1
121 136 1
121 151 1
121 166 1
121 181 1
121 196 1
121 211 1
121 120 1
121 107 1
121 106 1
121 105 1
121 93 1
121 91 1
121 79 1
121 76 1
121 65 1
121 61 1
121 51 1
121 46 1
121 37 1
121 31 1
121 23 1
121 16 1
121 9 1
121 1 1
122 138 1
122 154 1
122 170 1
122 186 1
122 202 1
122 218 1
122 136 1
122 150 1
122 123 1
122 124 1
122 125 1
122 126 1
122 127 1
122 128 1
122 129 1
122 130 1
122 131 1
122 132 1
122 133 1
122 134 1
122 137 1
122 152 1
122 167 1
122 182 1
122 197 1
122 212 1
122 121 1
122 120 1
122 108 1
122 107 1
122 106 1
122 94 1
122 92 1
122 90 1
122 80 1
122 77 1
122 66 1
122 62 1
122 52 1
122 47 1
122 38 1
122 32 1
122 24 1
122 17 1
122 10 1
122 2 1
123 139 1
123 155 1
123 171 1
123 187 1
123 203 1
123 219 1
123 137 1
123 151 1
123 165 1
123 124 1
123 125 1
123 126 1
123 127 1
123 128 1
123 129 1
123 130 1
123 131 1
123 132 1
123 133 1
123 134 1
123 138 1
123 153 1
123 168 1
123 183 1
123 198 1
123 213 1
123 122 1
123 121 1
123 120 1
123 109 1
123 108 1
123 107 1
123 95 1
123 93 1
123 91 1
123 81 1
123 78 1
123 75 1
123 67 1
123 63 1
123 53 1
123 48 1
123 39 1
123 33 1
123 25 1
123 18 1
123 11 1
123 3 1
124 140 1
124 156 1
124 172 1
124 188 1
124 204 1
124 220 1
124 138 1
124 152 1
124 166 1
124 180 1
124 125 1
124 126 1
124 127 1
124 128 1
124 129 1
124 130 1
124 131 1
124 132 1
124 133 1
124 134 1
124 139 1
124 154 1
124 169 1
124 184 1
124 199 1
124 214 1
124 123 1
124 122 1
124 121 1
124 120 1
124 110 1
124 109 1
124 108 1
124 96 1
124 94 1
124 92 1
124 82 1
124 79 1
124 76 1
124 68 1
124 64 1
124 60 1
124 54 1
124 49 1
124 40 1
124 34 1
124 26 1
124 19 1
124 12 1
124 4 1
125 141 1
125 157 1
125 173 1
125 189 1
125 205 1
125 221 1
125 139 1
125 153 1
125 167 1
125 181 1
125 195 1
125 126 1
125 127 1
125 128 1
125 129 1
125 130 1
125 131 1
125 132 1
125 133 1
125 134 1
125 140 1
125 155 1
125 170 1
125 185 1
125 200 1
125 215 1
125 124 1
125 123 1
125 122 1
125 121 1
125 120 1
125 111 1
125 110 1
125 109 1
125 97 1
125 95 1
125 93 1
125 83 1
125 80 1
125 77 1
125 69 1
125 65 1
125 61 1
125 55 1
125 50 1
125 45 1
125 41 1
125 35 1
125 27 1
125 20 1
125 13 1
125 5 1
126 142 1
126 158 1
126 174 1
126 190 1
126 206 1
126 222 1
126 140 1
126 154 1
126 168 1
126 182 1
126 196 1
126 210 1
126 127 1
126 128 1
126 129 1
126 130 1
126 131 1
126 132 1
126 133 1
126 134 1
126 141 1
126 156 1
126 171 1
126 186 1
126 201 1
126 216 1
126 125 1
126 124 1
126 123 1
126 122 1
126 121 1
126 120 1
126 112 1
126 111 1
126 110 1
126 98 1
126 96 1
126 94 1
126 84 1
126 81 1
126 78 1
126 70 1
126 66 1
126 62 1
126 56 1
126 51 1
126 46 1
126 42 1
126 36 1
126 30 1
126 28 1
126 21 1
126 14 1
126 6 1
127 143 1
127 159 1
127 175 1
127 191 1
127 207 1
127 223 1
127 141 1
127 155 1
127 169 1
127 183 1
127 197 1
127 211 1
127 128 1
127 129 1
127 130 1
127 131 1
127 132 1
127 133 1
127 134 1
127 142 1
127 157 1
127 172 1
127 187 1
127 202 1
127 217 1
127 126 1
127 125 1
127 124 1
127 123 1
127 122 1
127 121 1
127 120 1
127 113 1
127 112 1
127 111 1
127 99 1
127 97 1
127 95 1
127 85 1
127 82 1
127 79 1
127 71 1
127 67 1
127 63 1
127 57 1
127 52 1
127 47 1
127 43 1
127 37 1
127 31 1
127 29 1
127 22 1
127 15 1
127 7 1
128 144 1
128 160 1
128 176 1
128 192 1
128 208 1
128 224 1
128 142 1
128 156 1
128 170 1
128 184 1
128 198 1
128 212 1
128 129 1
128 130 1
128 131 1
128 132 1
128 133 1
128 134 1
128 143 1
128 158 1
128 173 1
128 188 1
128 203 1
128 218 1
128 127 1
128 126 1
128 125 1
128 124 1
128 123 1
128 122 1
128 121 1
128 120 1
128 114 1
128 113 1
128 112 1
128 100 1
128 98 1
128 96 1
128 86 1
128 83 1
128 80 1
128 72 1
128 68 1
128 64 1
128 58 1
128 53 1
128 48 1
128 44 1
128 38 1
128 32 1
128 23 1
128 16 1
128 8 1
128 0 1
129 145 1
129 161 1
129 177 1
129 193 1
129 209 1
129 143 1
129 157 1
129 171 1
129 185 1
129 199 1
129 213 1
129 130 1
129 131 1
129 132 1
129 133 1
129 134 1
129 144 1
129 159 1
129 174 1
129 189 1
129 204 1
129 219 1
129 128 1
129 127 1
129 126 1
129 125 1
129 124 1
129 123 1
129 122 1
129 121 1
129 120 1
129 115 1
129 114 1
129 113 1
129 101 1
129 99 1
129 97 1
129 87 1
129 84 1
129 81 1
129 73 1
129 69 1
129 65 1
129 59 1
129 54 1
129 49 1
129 39 1
129 33 1
129 24 1
129 17 1
129 9 1
129 1 1
130 146 1
130 162 1
130 178 1
130 194 1
130 144 1
130 158 1
130 172 1
130 186 1
130 200 1
130 214 1
130 131 1
130 132 1
130 133 1
130 134 1
130 145 1
130 160 1
130 175 1
130 190 1
130 205 1
130 220 1
130 129 1
130 128 1
130 127 1
130 126 1
130 125 1
130 124 1
130 123 1
130 122 1
130 121 1
130 120 1
130 116 1
130 115 1
130 114 1
130 102 1
130 100 1
130 98 1
130 88 1
130 85 1
130 82 1
130 74 1
130 70 1
130 66 1
130 55 1
130 50 1
130 40 1
130 34 1
130 25 1
130 18 1
130 10 1
130 2 1
131 147 1
131 163 1
131 179 1
131 145 1
131 159 1
131 173 1
131 187 1
131 201 1
131 215 1
131 132 1
131 133 1
131 134 1
131 146 1
131 161 1
131 176 1
131 191 1
131 206 1
131 221 1
131 130 1
131 129 1
131 128 1
131 127 1
131 126 1
131 125 1
131 124 1
131 123 1
131 122 1
131 121 1
131 120 1
131 117 1
131 116 1
131 115 1
131 103 1
131 101 1
131 99 1
131 89 1
131 86 1
131 83 1
131 71 1
131 67 1
131 56 1
131 51 1
131 41 1
131 35 1
131 26 1
131 19 1
131 11 1
131 3 1
132 148 1
132 164 1
132 146 1
132 160 1
132 174 1
132 188 1
132 202 1
132 216 1
132 133 1
132 134 1
132 147 1
132 162 1
132 177 1
132 192 1
132 207 1
132 222 1
132 131 1
132 130 1
132 129 1
132 128 1
132 127 1
132 126 1
132 125 1
132 124 1
132 123 1
132 122 1
132 121 1
132 120 1
132 118 1
132 117 1
132 116 1
132 104 1
132 102 1
132 100 1
132 87 1
132 84 1
132 72 1
132 68 1
132 57 1
132 52 1
132 42 1
132 36 1
132 27 1
132 20 1
132 12 1
132 4 1
133 149 1
133 147 1
133 161 1
133 175 1
133 189 1
133 203 1
133 217 1
133 134 1
133 148 1
133 163 1
133 178 1
133 193 1
133 208 1
133 223 1
133 132 1
133 131 1
133 130 1
133 129 1
133 128 1
133 127 1
133 126 1
133 125 1
133 124 1
133 123 1
133 122 1
133 121 1
133 120 1
133 119 1
133 118 1
133 117 1
133 103 1
133 101 1
133 88 1
133 85 1
133 73 1
133 69 1
133 58 1
133 53 1
133 43 1
133 37 1
133 28 1
133 21 1
133 13 1
133 5 1
134 148 1
134 162 1
134 176 1
134 190 1
134 204 1
134 218 1
134 149 1
134 164 1
134 179 1
134 194 1
134 209 1
134 224 1
134 133 1
134 132 1
134 131 1
134 130 1
134 129 1
134 128 1
134 127 1
134 126 1
134 125 1
134 124 1
134 123 1
134 122 1
134 121 1
134 120 1
134 119 1
134 118 1
134 104 1
134 102 1
134 89 1
134 86 1
134 74 1
134 70 1
134 59 1
134 54 1
134 44 1
134 38 1
134 29 1
134 22 1
134 14 1
134 6 1
135 151 1
135 167 1
135 183 1
135 199 1
135 215 1
135 136 1
135 137 1
135 138 1
135 139 1
135 140 1
135 141 1
135 142 1
135 143 1
135 144 1
135 145 1
135 146 1
135 147 1
135 148 1
135 149 1
135 150 1
135 165 1
135 180 1
135 195 1
135 210 1
135 121 1
135 120 1
135 107 1
135 105 1
135 93 1
135 90 1
135 79 1
135 75 1
135 65 1
135 60 1
135 51 1
135 45 1
135 37 1
135 30 1
135 23 1
135 15 1
135 9 1
135 0 1
136 152 1
136 168 1
136 184 1
136 200 1
136 216 1
136 150 1
136 137 1
136 138 1
136 139 1
136 140 1
136 141 1
136 142 1
136 143 1
136 144 1
136 145 1
136 146 1
136 147 1
136 148 1
136 149 1
136 151 1
136 166 1
136 181 1
136 196 1
136 211 1
136 135 1
136 122 1
136 121 1
136 120 1
136 108 1
136 106 1
136 94 1
136 91 1
136 80 1
136 76 1
136 66 1
136 61 1
136 52 1
136 46 1
136 38 1
136 31 1
136 24 1
136 16 1
136 10 1
136 1 1
137 153 1
137 169 1
137 185 1
137 201 1
137 217 1
137 151 1
137 165 1
137 138 1
137 139 1
137 140 1
137 141 1
137 142 1
137 143 1
137 144 1
137 145 1
137 146 1
137 147 1
137 148 1
137 149 1
137 152 1
137 167 1
137 182 1
137 197 1
137 212 1
137 136 1
137 135 1
137 123 1
137 122 1
137 121 1
137 109 1
137 107 1
137 105 1
137 95 1
137 92 1
137 81 1
137 77 1
137 67 1
137 62 1
137 53 1
137 47 1
137 39 1
137 32 1
137 25 1
137 17 1
137 11 1
137 2 1
138 154 1
138 170 1
138 186 1
138 202 1
138 218 1
138 152 1
138 166 1
138 180 1
138 139 1
138 140 1
138 141 1
138 142 1
138 143 1
138 144 1
138 145 1
138 146 1
138 147 1
138 148 1
138 149 1
138 153 1
138 168 1
138 183 1
138 198 1
138 213 1
138 137 1
138 136 1
138 135 1
138 124 1
138 123 1
138 122 1
138 110 1
138 108 1
138 106 1
138 96 1
138 93 1
138 90 1
138 82 1
138 78 1
138 68 1
138 63 1
138 54 1
138 48 1
138 40 1
138 33 1
138 26 1
138 18 1
138 12 1
138 3 1
139 155 1
139 171 1
139 187 1
139 203 1
139 219 1
139 153 1
139 167 1
139 181 1
139 195 1
139 140 1
139 141 1
139 142 1
139 143 1
139 144 1
139 145 1
139 146 1
139 147 1
139 148 1
139 149 1
139 154 1
139 169 1
139 184 1
139 199 1
139 214 1
139 138 1
139 137 1
139 136 1
139 135 1
139 125 1
139 124 1
139 123 1
139 111 1
139 109 1
139 107 1
139 97 1
139 94 1
139 91 1
139 83 1
139 79 1
139 75 1
139 69 1
139 64 1
139 55 1
139 49 1
139 41 1
139 34 1
139 27 1
139 19 1
139 13 1
139 4 1
140 156 1
140 172 1
140 188 1
140 204 1
140 220 1
140 154 1
140 168 1
140 182 1
140 196 1
140 210 1
140 141 1
140 142 1
140 143 1
140 144 1
140 145 1
140 146 1
140 147 1
140 148 1
140 149 1
140 155 1
140 170 1
140 185 1
140 200 1
140 215 1
140 139 1
140 138 1
140 137 1
140 136 1
140 135 1
140 126 1
140 125 1
140 124 1
140 112 1
140 110 1
140 108 1
140 98 1
140 95 1
140 92 1
140 84 1
140 80 1
140 76 1
140 70 1
140 65 1
140 60 1
140 56 1
140 50 1
140 42 1
140 35 1
140 28 1
140 20 1
140 14 1
140 5 1
141 157 1
141 173 1
141 189 1
141 205 1
141 221 1
141 155 1
141 169 1
141 183 1
141 197 1
141 211 1
141 142 1
141 143 1
141 144 1
141 145 1
141 146 1
141 147 1
141 148 1
141 149 1
141 156 1
141 171 1
141 186 1
141 201 1
141 216 1
141 140 1
141 139 1
141 138 1
141 137 1
141 136 1
141 135 1
141 127 1
141 126 1
141 125 1
141 113 1
141 111 1
141 109 1
141 99 1
141 96 1
141 93 1
141 85 1
141 81 1
141 77 1
141 71 1
141 66 1
141 61 1
141 57 1
141 51 1
141 45 1
141 43 1
141 36 1
141 29 1
141 21 1
141 6 1
142 158 1
142 174 1
142 190 1
142 206 1
142 222 1
142 156 1
142 170 1
142 184 1
142 198 1
142 212 1
142 143 1
142 144 1
142 145 1
142 146 1
142 147 1
142 148 1
142 149 1
142 157 1
142 172 1
142 187 1
142 202 1
142 217 1
142 141 1
142 140 1
142 139 1
142 138 1
142 137 1
142 136 1
142 135 1
142 128 1
142 127 1
142 126 1
142 114 1
142 112 1
142 110 1
142 100 1
142 97 1
142 94 1
142 86 1
142 82 1
142 78 1
142 72 1
142 67 1
142 62 1
142 58 1
142 52 1
142 46 1
142 44 1
142 37 1
142 30 1
142 22 1
142 7 1
143 159 1
143 175 1
143 191 1
143 207 1
143 223 1
143 157 1
143 171 1
143 185 1
143 199 1
143 213 1
143 144 1
143 145 1
143 146 1
143 147 1
143 148 1
143 149 1
143 158 1
143 173 1
143 188 1
143 203 1
143 218 1
143 142 1
143 141 1
143 140 1
143 139 1
143 138 1
143 137 1
143 136 1
143 135 1
143 129 1
143 128 1
143 127 1
143 115 1
143 113 1
143 111 1
143 101 1
143 98 1
143 95 1
143 87 1
143 83 1
143 79 1
143 73 1
143 68 1
143 63 1
143 59 1
143 53 1
143 47 1
143 38 1
143 31 1
143 23 1
143 15 1
143 8 1
144 160 1
144 176 1
144 192 1
144 208 1
144 224 1
144 158 1
144 172 1
144 186 1
144 200 1
144 214 1
144 145 1
144 146 1
144 147 1
144 148 1
144 149 1
144 159 1
144 174 1
144 189 1
144 204 1
144 219 1
144 143 1
144 142 1
144 141 1
144 140 1
144 139 1
144 138 1
144 137 1
144 136 1
144 135 1
144 130 1
144 129 1
144 128 1
144 116 1
144 114 1
144 112 1
144 102 1
144 99 1
144 96 1
144 88 1
144 84 1
144 80 1
144 74 1
144 69 1
144 64 1
144 54 1
144 48 1
144 39 1
144 32 1
144 24 1
144 16 1
144 9 1
144 0 1
145 161 1
145 177 1
145 193 1
145 209 1
145 159 1
145 173 1
145 187 1
145 201 1
145 215 1
145 146 1
145 147 1
145 148 1
145 149 1
145 160 1
145 175 1
145 190 1
145 205 1
145 220 1
145 144 1
145 143 1
145 142 1
145 141 1
145 140 1
145 139 1
145 138 1
145 137 1
145 136 1
145 135 1
145 131 1
145 130 1
145 129 1
145 117 1
145 115 1
145 113 1
145 103 1
145 100 1
145 97 1
145 89 1
145 85 1
145 81 1
145 70 1
145 65 1
145 55 1
145 49 1
145 40 1
145 33 1
145 25 1
145 17 1
145 10 1
145 1 1
146 162 1
146 178 1
146 194 1
146 160 1
146 174 1
146 188 1
146 202 1
146 216 1
146 147 1
146 148 1
146 149 1
146 161 1
146 176 1
146 191 1
146 206 1
146 221 1
146 145 1
146 144 1
146 143 1
146 142 1
146 141 1
146 140 1
146 139 1
146 138 1
146 137 1
146 136 1
146 135 1
146 132 1
146 131 1
146 130 1
146 118 1
146 116 1
146 114 1
146 104 1
146 101 1
146 98 1
146 86 1
146 82 1
146 71 1
146 66 1
146 56 1
146 50 1
146 41 1
146 34 1
146 26 1
146 18 1
146 11 1
146 2 1
147 163 1
147 179 1
147 161 1
147 175 1
147 189 1
147 203 1
147 217 1
147 148 1
147 149 1
147 162 1
147 177 1
147 192 1
147 207 1
147 222 1
147 146 1
147 145 1
147 144 1
147 143 1
147 142 1
147 141 1
147 140 1
147 139 1
147 138 1
147 137 1
147 136 1
147 135 1
147 133 1
147 132 1
147 131 1
147 119 1
147 117 1
147 115 1
147 102 1
147 99 1
147 87 1
147 83 1
147 72 1
147 67 1
147 57 1
147 51 1
147 42 1
147 35 1
147 27 1
147 19 1
147 12 1
147 3 1
148 164 1
148 162 1
148 176 1
148 190 1
148 204 1
148 218 1
148 149 1
148 163 1
148 178 1
148 193 1
148 208 1
148 223 1
148 147 1
148 146 1
148 145 1
148 144 1
148 143 1
148 142 1
148 141 1
148 140 1
148 139 1
148 138 1
148 137 1
148 136 1
148 135 1
148 134 1
148 133 1
148 132 1
148 118 1
148 116 1
148 103 1
148 100 1
148 88 1
148 84 1
148 73 1
148 68 1
148 58 1
148 52 1
148 43 1
148 36 1
148 28 1
148 20 1
148 13 1
148 4 1
149 163 1
149 177 1
149 191 1
149 205 1
149 219 1
149 164 1
149 179 1
149 194 1
149 209 1
149 224 1
149 148 1
149 147 1
149 146 1
149 145 1
149 144 1
149 143 1
149 142 1
149 141 1
149 140 1
149 139 1
149 138 1
149 137 1
149 136 1
149 135 1
149 134 1
149 133 1
149 119 1
149 117 1
149 104 1
149 101 1
149 89 1
149 85 1
149 74 1
149 69 1
149 59 1
149 53 1
149 44 1
149 37 1
149 29 1
149 21 1
149 14 1
149 5 1
150 166 1
150 182 1
150 198 1
150 214 1
150 151 1
150 152 1
150 153 1
150 154 1
150 155 1
150 156 1
150 157 1
150 158 1
150 159 1
150 160 1
150 161 1
150 162 1
150 163 1
150 164 1
150 165 1
150 180 1
150 195 1
150 210 1
150 136 1
150 135 1
150 122 1
150 120 1
150 108 1
150 105 1
150 94 1
150 90 1
150 80 1
150 75 1
150 66 1
150 60 1
150 52 1
150 45 1
150 38 1
150 30 1
150 24 1
150 15 1
150 10 1
150 0 1
151 167 1
151 183 1
151 199 1
151 215 1
151 165 1
151 152 1
151 153 1
151 154 1
151 155 1
151 156 1
151 157 1
151 158 1
151 159 1
151 160 1
151 161 1
151 162 1
151 163 1
151 164 1
151 166 1
151 181 1
151 196 1
151 211 1
151 150 1
151 137 1
151 136 1
151 135 1
151 123 1
151 121 1
151 109 1
151 106 1
151 95 1
151 91 1
151 81 1
151 76 1
151 67 1
151 61 1
151 53 1
151 46 1
151 39 1
151 31 1
151 25 1
151 16 1
151 11 1
151 1 1
152 168 1
152 184 1
152 200 1
152 216 1
152 166 1
152 180 1
152 153 1
152 154 1
152 155 1
152 156 1
152 157 1
152 158 1
152 159 1
152 160 1
152 161 1
152 162 1
152 163 1
152 164 1
152 167 1
152 182 1
152 197 1
152 212 1
152 151 1
152 150 1
152 138 1
152 137 1
152 136 1
152 124 1
152 122 1
152 120 1
152 110 1
152 107 1
152 96 1
152 92 1
152 82 1
152 77 1
152 68 1
152 62 1
152 54 1
152 47 1
152 40 1
152 32 1
152 26 1
152 17 1
152 12 1
152 2 1
153 169 1
153 185 1
153 201 1
153 217 1
153 167 1
153 181 1
153 195 1
153 154 1
153 155 1
153 156 1
153 157 1
153 158 1
153 159 1
153 160 1
153 161 1
153 162 1
153 163 1
153 164 1
153 168 1
153 183 1
153 198 1
153 213 1
153 152 1
153 151 1
153 150 1
153 139 1
153 138 1
153 137 1
153 125 1
153 123 1
153 121 1
153 111 1
153 108 1
153 105 1
153 97 1
153 93 1
153 83 1
153 78 1
153 69 1
153 63 1
153 55 1
153 48 1
153 41 1
153 33 1
153 27 1
153 18 1
153 13 1
153 3 1
154 170 1
154 186 1
154 202 1
154 218 1
154 168 1
154 182 1
154 196 1
154 210 1
154 155 1
154 156 1
154 157 1
154 158 1
154 159 1
154 160 1
154 161 1
154 162 1
154 163 1
154 164 1
154 169 1
154 184 1
154 199 1
154 214 1
154 153 1
154 152 1
154 151 1
154 150 1
154 140 1
154 139 1
154 138 1
154 126 1
154 124 1
154 122 1
154 112 1
154 109 1
154 106 1
154 98 1
154 94 1
154 90 1
154 84 1
154 79 1
154 70 1
154 64 1
154 56 1
154 49 1
154 42 1
154 34 1
154 28 1
154 19 1
154 14 1
154 4 1
155 171 1
155 187 1
155 203 1
155 219 1
155 169 1
155 183 1
155 197 1
155 211 1
155 156 1
155 157 1
155 158 1
155 159 1
155 160 1
155 161 1
155 162 1
155 163 1
155 164 1
155 170 1
155 185 1
155 200 1
155 215 1
155 154 1
155 153 1
155 152 1
155 151 1
155 150 1
155 141 1
155 140 1
155 139 1
155 127 1
155 125 1
155 123 1
155 113 1
155 110 1
155 107 1
155 99 1
155 95 1
155 91 1
155 85 1
155 80 1
155 75 1
155 71 1
155 65 1
155 57 1
155 50 1
155 43 1
155 35 1
155 29 1
155 20 1
155 5 1
156 172 1
156 188 1
156 204 1
156 220 1
156 170 1
156 184 1
156 198 1
156 212 1
156 157 1
156 158 1
156 159 1
156 160 1
156 161 1
156 162 1
156 163 1
156 164 1
156 171 1
156 186 1
156 201 1
156 216 1
156 155 1
156 154 1
156 153 1
156 152 1
156 151 1
156 150 1
156 142 1
156 141 1
156 140 1
156 128 1
156 126 1
156 124 1
156 114 1
156 111 1
156 108 1
156 100 1
156 96 1
156 92 1
156 86 1
156 81 1
156 76 1
156 72 1
156 66 1
156 60 1
156 58 1
156 51 1
156 44 1
156 36 1
156 21 1
156 6 1
157 173 1
157 189 1
157 205 1
157 221 1
157 171 1
157 185 1
157 199 1
157 213 1
157 158 1
157 159 1
157 160 1
157 161 1
157 162 1
157 163 1
157 164 1
157 172 1
157 187 1
157 202 1
157 217 1
157 156 1
157 155 1
157 154 1
157 153 1
157 152 1
157 151 1
157 150 1
157 143 1
157 142 1
157 141 1
157 129 1
157 127 1
157 125 1
157 115 1
157 112 1
157 109 1
157 101 1
157 97 1
157 93 1
157 87 1
157 82 1
157 77 1
157 73 1
157 67 1
157 61 1
157 59 1
157 52 1
157 45 1
157 37 1
157 22 1
157 7 1
158 174 1
158 190 1
158 206 1
158 222 1
158 172 1
158 186 1
158 200 1
158 214 1
158 159 1
158 160 1
158 161 1
158 162 1
158 163 1
158 164 1
158 173 1
158 188 1
158 203 1
158 218 1
158 157 1
158 156 1
158 155 1
158 154 1
158 153 1
158 152 1
158 151 1
158 150 1
158 144 1
158 143 1
158 142 1
158 130 1
158 128 1
158 126 1
158 116 1
158 113 1
158 110 1
158 102 1
158 98 1
158 94 1
158 88 1
158 83 1
158 78 1
158 74 1
158 68 1
158 62 1
158 53 1
158 46 1
158 38 1
158 30 1
158 23 1
158 8 1
159 175 1
159 191 1
159 207 1
159 223 1
159 173 1
159 187 1
159 201 1
159 215 1
159 160 1
159 161 1
159 162 1
159 163 1
159 164 1
159 174 1
159 189 1
159 204 1
159 219 1
159 158 1
159 157 1
159 156 1
159 155 1
159 154 1
159 153 1
159 152 1
159 151 1
159 150 1
159 145 1
159 144 1
159 143 1
159 131 1
159 129 1
159 127 1
159 117 1
159 114 1
159 111 1
159 103 1
159 99 1
159 95 1
159 89 1
159 84 1
159 79 1
159 69 1
159 63 1
159 54 1
159 47 1
159 39 1
159 31 1
159 24 1
159 15 1
159 9 1
160 176 1
160 192 1
160 208 1
160 224 1
160 174 1
160 188 1
160 202 1
160 216 1
160 161 1
160 162 1
160 163 1
160 164 1
160 175 1
160 190 1
160 205 1
160 220 1
160 159 1
160 158 1
160 157 1
160 156 1
160 155 1
160 154 1
160 153 1
160 152 1
160 151 1
160 150 1
160 146 1
160 145 1
160 144 1
160 132 1
160 130 1
160 128 1
160 118 1
160 115 1
160 112 1
160 104 1
160 100 1
160 96 1
160 85 1
160 80 1
160 70 1
160 64 1
160 55 1
160 48 1
160 40 1
160 32 1
160 25 1
160 16 1
160 10 1
160 0 1
161 177 1
161 193 1
161 209 1
161 175 1
161 189 1
161 203 1
161 217 1
161 162 1
161 163 1
161 164 1
161 176 1
161 191 1
161 206 1
161 221 1
161 160 1
161 159 1
161 158 1
161 157 1
161 156 1
161 155 1
161 154 1
161 153 1
161 152 1
161 151 1
161 150 1
161 147 1
161 146 1
161 145 1
161 133 1
161 131 1
161 129 1
161 119 1
161 116 1
161 113 1
161 101 1
161 97 1
161 86 1
161 81 1
161 71 1
161 65 1
161 56 1
161 49 1
161 41 1
161 33 1
161 26 1
161 17 1
161 11 1
161 1 1
162 178 1
162 194 1
162 176 1
162 190 1
162 204 1
162 218 1
162 163 1
162 164 1
162 177 1
162 192 1
162 207 1
162 222 1
162 161 1
162 160 1
162 159 1
162 158 1
162 157 1
162 156 1
162 155 1
162 154 1
162 153 1
162 152 1
162 151 1
162 150 1
162 148 1
162 147 1
162 146 1
162 134 1
162 132 1
162 130 1
162 117 1
162 114 1
162 102 1
162 98 1
162 87 1
162 82 1
162 72 1
162 66 1
162 57 1
162 50 1
162 42 1
162 34 1
162 27 1
162 18 1
162 12 1
162 2 1
163 179 1
163 177 1
163 191 1
163 205 1
163 219 1
163 164 1
163 178 1
163 193 1
163 208 1
163 223 1
163 162 1
163 161 1
163 160 1
163 159 1
163 158 1
163 157 1
163 156 1
163 155 1
163 154 1
163 153 1
163 152 1
163 151 1
163 150 1
163 149 1
163 148 1
163 147 1
163 133 1
163 131 1
163 118 1
163 115 1
163 103 1
163 99 1
163 88 1
163 83 1
163 73 1
163 67 1
163 58 1
163 51 1
163 43 1
163 35 1
163 28 1
163 19 1
163 13 1
163 3 1
164 178 1
164 192 1
164 206 1
164 220 1
164 179 1
164 194 1
164 209 1
164 224 1
164 163 1
164 162 1
164 161 1
164 160 1
164 159 1
164 158 1
164 157 1
164 156 1
164 155 1
164 154 1
164 153 1
164 152 1
164 151 1
164 150 1
164 149 1
164 148 1
164 134 1
164 132 1
164 119 1
164 116 1
164 104 1
164 100 1
164 89 1
164 84 1
164 74 1
164 68 1
164 59 1
164 52 1
164 44 1
164 36 1
164 29 1
164 20 1
164 14 1
164 4 1
165 181 1
165 197 1
165 213 1
165 166 1
165 167 1
165 168 1
165 169 1
165 170 1
165 171 1
165 172 1
165 173 1
165 174 1
165 175 1
165 176 1
165 177 1
165 178 1
165 179 1
165 180 1
165 195 1
165 210 1
165 151 1
165 150 1
165 137 1
165 135 1
165 123 1
165 120 1
165 109 1
165 105 1
165 95 1
165 90 1
165 81 1
165 75 1
165 67 1
165 60 1
165 53 1
165 45 1
165 39 1
165 30 1
165 25 1
165 15 1
165 11 1
165 0 1
166 182 1
166 198 1
166 214 1
166 180 1
166 167 1
166 168 1
166 169 1
166 170 1
166 171 1
166 172 1
166 173 1
166 174 1
166 175 1
166 176 1
166 177 1
166 178 1
166 179 1
166 181 1
166 196 1
166 211 1
166 165 1
166 152 1
166 151 1
166 150 1
166 138 1
166 136 1
166 124 1
166 121 1
166 110 1
166 106 1
166 96 1
166 91 1
166 82 1
166 76 1
166 68 1
166 61 1
166 54 1
166 46 1
166 40 1
166 31 1
166 26 1
166 16 1
166 12 1
166 1 1
167 183 1
167 199 1
167 215 1
167 181 1
167 195 1
167 168 1
167 169 1
167 170 1
167 171 1
167 172 1
167 173 1
167 174 1
167 175 1
167 176 1
167 177 1
167 178 1
167 179 1
167 182 1
167 197 1
167 212 1
167 166 1
167 165 1
167 153 1
167 152 1
167 151 1
167 139 1
167 137 1
167 135 1
167 125 1
167 122 1
167 111 1
167 107 1
167 97 1
167 92 1
167 83 1
167 77 1
167 69 1
167 62 1
167 55 1
167 47 1
167 41 1
167 32 1
167 27 1
167 17 1
167 13 1
167 2 1
168 184 1
168 200 1
168 216 1
168 182 1
168 196 1
168 210 1
168 169 1
168 170 1
168 171 1
168 172 1
168 173 1
168 174 1
168 175 1
168 176 1
168 177 1
168 178 1
168 179 1
168 183 1
168 198 1
168 213 1
168 167 1
168 166 1
168 165 1
168 154 1
168 153 1
168 152 1
168 140 1
168 138 1
168 136 1
168 126 1
168 123 1
168 120 1
168 112 1
168 108 1
168 98 1
168 93 1
168 84 1
168 78 1
168 70 1
168 63 1
168 56 1
168 48 1
168 42 1
168 33 1
168 28 1
168 18 1
168 14 1
168 3 1
169 185 1
169 201 1
169 217 1
169 183 1
169 197 1
169 211 1
169 170 1
169 171 1
169 172 1
169 173 1
169 174 1
169 175 1
169 176 1
169 177 1
169 178 1
169 179 1
169 184 1
169 199 1
169 214 1
169 168 1
169 167 1
169 166 1
169 165 1
169 155 1
169 154 1
169 153 1
169 141 1
169 139 1
169 137 1
169 127 1
169 124 1
169 121 1
169 113 1
169 109 1
169 105 1
169 99 1
169 94 1
169 85 1
169 79 1
169 71 1
169 64 1
169 57 1
169 49 1
169 43 1
169 34 1
169 29 1
169 19 1
169 4 1
170 186 1
170 202 1
170 218 1
170 184 1
170 198 1
170 212 1
170 171 1
170 172 1
170 173 1
170 174 1
170 175 1
170 176 1
170 177 1
170 178 1
170 179 1
170 185 1
170 200 1
170 215 1
170 169 1
170 168 1
170 167 1
170 166 1
170 165 1
170 156 1
170 155 1
170 154 1
170 142 1
170 140 1
170 138 1
170 128 1
170 125 1
170 122 1
170 114 1
170 110 1
170 106 1
170 100 1
170 95 1
170 90 1
170 86 1
170 80 1
170 72 1
170 65 1
170 58 1
170 50 1
170 44 1
170 35 1
170 20 1
170 5 1
171 187 1
171 203 1
171 219 1
171 185 1
171 199 1
171 213 1
171 172 1
171 173 1
171 174 1
171 175 1
171 176 1
171 177 1
171 178 1
171 179 1
171 186 1
171 201 1
171 216 1
171 170 1
171 169 1
171 168 1
171 167 1
171 166 1
171 165 1
171 157 1
171 156 1
171 155 1
171 143 1
171 141 1
171 139 1
171 129 1
171 126 1
171 123 1
171 115 1
171 111 1
171 107 1
171 101 1
171 96 1
171 91 1
171 87 1
171 81 1
171 75 1
171 73 1
171 66 1
171 59 1
171 51 1
171 36 1
171 21 1
171 6 1
172 188 1
172 204 1
172 220 1
172 186 1
172 200 1
172 214 1
172 173 1
172 174 1
172 175 1
172 176 1
172 177 1
172 178 1
172 179 1
172 187 1
172 202 1
172 217 1
172 171 1
172 170 1
172 169 1
172 168 1
172 167 1
172 166 1
172 165 1
172 158 1
172 157 1
172 156 1
172 144 1
172 142 1
172 140 1
172 130 1
172 127 1
172 124 1
172 116 1
172 112 1
172 108 1
172 102 1
172 97 1
172 92 1
172 88 1
172 82 1
172 76 1
172 74 1
172 67 1
172 60 1
172 52 1
172 37 1
172 22 1
172 7 1
173 189 1
173 205 1
173 221 1
173 187 1
173 201 1
173 215 1
173 174 1
173 175 1
173 176 1
173 177 1
173 178 1
173 179 1
173 188 1
173 203 1
173 218 1
173 172 1
173 171 1
173 170 1
173 169 1
173 168 1
173 167 1
173 166 1
173 165 1
173 159 1
173 158 1
173 157 1
173 145 1
173 143 1
173 141 1
173 131 1
173 128 1
173 125 1
173 117 1
173 113 1
173 109 1
173 103 1
173 98 1
173 93 1
173 89 1
173 83 1
173 77 1
173 68 1
173 61 1
173 53 1
173 45 1
173 38 1
173 23 1
173 8 1
174 190 1
174 206 1
174 222 1
174 188 1
174 202 1
174 216 1
174 175 1
174 176 1
174 177 1
174 178 1
174 179 1
174 189 1
174 204 1
174 219 1
174 173 1
174 172 1
174 171 1
174 170 1
174 169 1
174 168 1
174 167 1
174 166 1
174 165 1
174 160 1
174 159 1
174 158 1
174 146 1
174 144 1
174 142 1
174 132 1
174 129 1
174 126 1
174 118 1
174 114 1
174 110 1
174 104 1
174 99 1
174 94 1
174 84 1
174 78 1
174 69 1
174 62 1
174 54 1
174 46 1
174 39 1
174 30 1
174 24 1
174 9 1
175 191 1
175 207 1
175 223 1
175 189 1
175 203 1
175 217 1
175 176 1
175 177 1
175 178 1
175 179 1
175 190 1
175 205 1
175 220 1
175 174 1
175 173 1
175 172 1
175 171 1
175 170 1
175 169 1
175 168 1
175 167 1
175 166 1
175 165 1
175 161 1
175 160 1
175 159 1
175 147 1
175 145 1
175 143 1
175 133 1
175 130 1
175 127 1
175 119 1
175 115 1
175 111 1
175 100 1
175 95 1
175 85 1
175 79 1
175 70 1
175 63 1
175 55 1
175 47 1
175 40 1
175 31 1
175 25 1
175 15 1
175 10 1
176 192 1
176 208 1
176 224 1
176 190 1
176 204 1
176 218 1
176 177 1
176 178 1
176 179 1
176 191 1
176 206 1
176 221 1
176 175 1
176 174 1
176 173 1
176 172 1
176 171 1
176 170 1
176 169 1
176 168 1
176 167 1
176 166 1
176 165 1
176 162 1
176 161 1
176 160 1
176 148 1
176 146 1
176 144 1
176 134 1
176 131 1
176 128 1
176 116 1
176 112 1
176 101 1
176 96 1
176 86 1
176 80 1
176 71 1
176 64 1
176 56 1
176 48 1
176 41 1
176 32 1
176 26 1
176 16 1
176 11 1
176 0 1
177 193 1
177 209 1
177 191 1
177 205 1
177 219 1
177 178 1
177 179 1
177 192 1
177 207 1
177 222 1
177 176 1
177 175 1
177 174 1
177 173 1
177 172 1
177 171 1
177 170 1
177 169 1
177 168 1
177 167 1
177 166 1
177 165 1
177 163 1
177 162 1
177 161 1
177 149 1
177 147 1
177 145 1
177 132 1
177 129 1
177 117 1
177 113 1
177 102 1
177 97 1
177 87 1
177 81 1
177 72 1
177 65 1
177 57 1
177 49 1
177 42 1
177 33 1
177 27 1
177 17 1
177 12 1
177 1 1
178 194 1
178 192 1
178 206 1
178 220 1
178 179 1
178 193 1
178 208 1
178 223 1
178 177 1
178 176 1
178 175 1
178 174 1
178 173 1
178 172 1
178 171 1
178 170 1
178 169 1
178 168 1
178 167 1
178 166 1
178 165 1
178 164 1
178 163 1
178 162 1
178 148 1
178 146 1
178 133 1
178 130 1
178 118 1
178 114 1
178 103 1
178 98 1
178 88 1
178 82 1
178 73 1
178 66 1
178 58 1
178 50 1
178 43 1
178 34 1
178 28 1
178 18 1
178 13 1
178 2 1
179 193 1
179 207 1
179 221 1
179 194 1
179 209 1
179 224 1
179 178 1
179 177 1
179 176 1
179 175 1
179 174 1
179 173 1
179 172 1
179 171 1
179 170 1
179 169 1
179 168 1
179 167 1
179 166 1
179 165 1
179 164 1
179 163 1
179 149 1
179 147 1
179 134 1
179 131 1
179 119 1
179 115 1
179 104 1
179 99 1
179 89 1
179 83 1
179 74 1
179 67 1
179 59 1
179 51 1
179 44 1
179 35 1
179 29 1
179 19 1
179 14 1
179 3 1
180 196 1
180 212 1
180 181 1
180 182 1
180 183 1
180 184 1
180 185 1
180 186 1
180 187 1
180 188 1
180 189 1
180 190 1
180 191 1
180 192 1
180 193 1
180 194 1
180 195 1
180 210 1
180 166 1
180 165 1
180 152 1
180 150 1
180 138 1
180 135 1
180 124 1
180 120 1
180 110 1
180 105 1
180 96 1
180 90 1
180 82 1
180 75 1
180 68 1
180 60 1
180 54 1
180 45 1
180 40 1
180 30 1
180 26 1
180 15 1
180 12 1
180 0 1
181 197 1
181 213 1
181 195 1
181 182 1
181 183 1
181 184 1
181 185 1
181 186 1
181 187 1
181 188 1
181 189 1
181 190 1
181 191 1
181 192 1
181 193 1
181 194 1
181 196 1
181 211 1
181 180 1
181 167 1
181 166 1
181 165 1
181 153 1
181 151 1
181 139 1
181 136 1
181 125 1
181 121 1
181 111 1
181 106 1
181 97 1
181 91 1
181 83 1
181 76 1
181 69 1
181 61 1
181 55 1
181 46 1
181 41 1
181 31 1
181 27 1
181 16 1
181 13 1
181 1 1
182 198 1
182 214 1
182 196 1
182 210 1
182 183 1
182 184 1
182 185 1
182 186 1
182 187 1
182 188 1
182 189 1
182 190 1
182 191 1
182 192 1
182 193 1
182 194 1
182 197 1
182 212 1
182 181 1
182 180 1
182 168 1
182 167 1
182 166 1
182 154 1
182 152 1
182 150 1
182 140 1
182 137 1
182 126 1
182 122 1
182 112 1
182 107 1
182 98 1
182 92 1
182 84 1
182 77 1
182 70 1
182 62 1
182 56 1
182 47 1
182 42 1
182 32 1
182 28 1
182 17 1
182 14 1
182 2 1
183 199 1
183 215 1
183 197 1
183 211 1
183 184 1
183 185 1
183 186 1
183 187 1
183 188 1
183 189 1
183 190 1
183 191 1
183 192 1
183 193 1
183 194 1
183 198 1
183 213 1
183 182 1
183 181 1
183 180 1
183 169 1
183 168 1
183 167 1
183 155 1
183 153 1
183 151 1
183 141 1
183 138 1
183 135 1
183 127 1
183 123 1
183 113 1
183 108 1
183 99 1
183 93 1
183 85 1
183 78 1
183 71 1
183 63 1
183 57 1
183 48 1
183 43 1
183 33 1
183 29 1
183 18 1
183 3 1
184 200 1
184 216 1
184 198 1
184 212 1
184 185 1
184 186 1
184 187 1
184 188 1
184 189 1
184 190 1
184 191 1
184 192 1
184 193 1
184 194 1
184 199 1
184 214 1
184 183 1
184 182 1
184 181 1
184 180 1
184 170 1
184 169 1
184 168 1
184 156 1
184 154 1
184 152 1
184 142 1
184 139 1
184 136 1
184 128 1
184 124 1
184 120 1
184 114 1
184 109 1
184 100 1
184 94 1
184 86 1
184 79 1
184 72 1
184 64 1
184 58 1
184 49 1
184 44 1
184 34 1
184 19 1
184 4 1
185 201 1
185 217 1
185 199 1
185 213 1
185 186 1
185 187 1
185 188 1
185 189 1
185 190 1
185 191 1
185 192 1
185 193 1
185 194 1
185 200 1
185 215 1
185 184 1
185 183 1
185 182 1
185 181 1
185 180 1
185 171 1
185 170 1
185 169 1
185 157 1
185 155 1
185 153 1
185 143 1
185 140 1
185 137 1
185 129 1
185 125 1
185 121 1
185 115 1
185 110 1
185 105 1
185 101 1
185 95 1
185 87 1
185 80 1
185 73 1
185 65 1
185 59 1
185 50 1
185 35 1
185 20 1
185 5 1
186 202 1
186 218 1
186 200 1
186 214 1
186 187 1
186 188 1
186 189 1
186 190 1
186 191 1
186 192 1
186 193 1
186 194 1
186 201 1
186 216 1
186 185 1
186 184 1
186 183 1
186 182 1
186 181 1
186 180 1
186 172 1
186 171 1
186 170 1
186 158 1
186 156 1
186 154 1
186 144 1
186 141 1
186 138 1
186 130 1
186 126 1
186 122 1
186 116 1
186 111 1
186 106 1
186 102 1
186 96 1
186 90 1
186 88 1
186 81 1
186 74 1
186 66 1
186 51 1
186 36 1
186 21 1
186 6 1
187 203 1
187 219 1
187 201 1
187 215 1
187 188 1
187 189 1
187 190 1
187 191 1
187 192 1
187 193 1
187 194 1
187 202 1
187 217 1
187 186 1
187 185 1
187 184 1
187 183 1
187 182 1
187 181 1
187 180 1
187 173 1
187 172 1
187 171 1
187 159 1
187 157 1
187 155 1
187 145 1
187 142 1
187 139 1
187 131 1
187 127 1
187 123 1
187 117 1
187 112 1
187 107 1
187 103 1
187 97 1
187 91 1
187 89 1
187 82 1
187 75 1
187 67 1
187 52 1
187 37 1
187 22 1
187 7 1
188 204 1
188 220 1
188 202 1
188 216 1
188 189 1
188 190 1
188 191 1
188 192 1
188 193 1
188 194 1
188 203 1
188 218 1
188 187 1
188 186 1
188 185 1
188 184 1
188 183 1
188 182 1
188 181 1
188 180 1
188 174 1
188 173 1
188 172 1
188 160 1
188 158 1
188 156 1
188 146 1
188 143 1
188 140 1
188 132 1
188 128 1
188 124 1
188 118 1
188 113 1
188 108 1
188 104 1
188 98 1
188 92 1
188 83 1
188 76 1
188 68 1
188 60 1
188 53 1
188 38 1
188 23 1
188 8 1
189 205 1
189 221 1
189 203 1
189 217 1
189 190 1
189 191 1
189 192 1
189 193 1
189 194 1
189 204 1
189 219 1
189 188 1
189 187 1
189 186 1
189 185 1
189 184 1
189 183 1
189 182 1
189 181 1
189 180 1
189 175 1
189 174 1
189 173 1
189 161 1
189 159 1
189 157 1
189 147 1
189 144 1
189 141 1
189 133 1
189 129 1
189 125 1
189 119 1
189 114 1
189 109 1
189 99 1
189 93 1
189 84 1
189 77 1
189 69 1
189 61 1
189 54 1
189 45 1
189 39 1
189 24 1
189 9 1
190 206 1
190 222 1
190 204 1
190 218 1
190 191 1
190 192 1
190 193 1
190 194 1
190 205 1
190 220 1
190 189 1
190 188 1
190 187 1
190 186 1
190 185 1
190 184 1
190 183 1
190 182 1
190 181 1
190 180 1
190 176 1
190 175 1
190 174 1
190 162 1
190 160 1
190 158 1
190 148 1
190 145 1
190 142 1
190 134 1
190 130 1
190 126 1
190 115 1
190 110 1
190 100 1
190 94 1
190 85 1
190 78 1
190 70 1
190 62 1
190 55 1
190 46 1
190 40 1
190 30 1
190 25 1
190 10 1
191 207 1
191 223 1
191 205 1
191 219 1
191 192 1
191 193 1
191 194 1
191 206 1
191 221 1
191 190 1
191 189 1
191 188 1
191 187 1
191 186 1
191 185 1
191 184 1
191 183 1
191 182 1
191 181 1
191 180 1
191 177 1
191 176 1
191 175 1
191 163 1
191 161 1
191 159 1
191 149 1
191 146 1
191 143 1
191 131 1
191 127 1
191 116 1
191 111 1
191 101 1
191 95 1
191 86 1
191 79 1
191 71 1
191 63 1
191 56 1
191 47 1
191 41 1
191 31 1
191 26 1
191 15 1
191 11 1
192 208 1
192 224 1
192 206 1
192 220 1
192 193 1
192 194 1
192 207 1
192 222 1
192 191 1
192 190 1
192 189 1
192 188 1
192 187 1
192 186 1
192 185 1
192 184 1
192 183 1
192 182 1
192 181 1
192 180 1
192 178 1
192 177 1
192 176 1
192 164 1
192 162 1
192 160 1
192 147 1
192 144 1
192 132 1
192 128 1
192 117 1
192 112 1
192 102 1
192 96 1
192 87 1
192 80 1
192 72 1
192 64 1
192 57 1
192 48 1
192 42 1
192 32 1
192 27 1
192 16 1
192 12 1
192 0 1
193 209 1
193 207 1
193 221 1
193 194 1
193 208 1
193 223 1
193 192 1
193 191 1
193 190 1
193 189 1
193 188 1
193 187 1
193 186 1
193 185 1
193 184 1
193 183 1
193 182 1
193 181 1
193 180 1
193 179 1
193 178 1
193 177 1
193 163 1
193 161 1
193 148 1
193 145 1
193 133 1
193 129 1
193 118 1
193 113 1
193 103 1
193 97 1
193 88 1
193 81 1
193 73 1
193 65 1
193 58 1
193 49 1
193 43 1
193 33 1
193 28 1
193 17 1
193 13 1
193 1 1
194 208 1
194 222 1
194 209 1
194 224 1
194 193 1
194 192 1
194 191 1
194 190 1
194 189 1
194 188 1
194 187 1
194 186 1
194 185 1
194 184 1
194 183 1
194 182 1
194 181 1
194 180 1
194 179 1
194 178 1
194 164 1
194 162 1
194 149 1
194 146 1
194 134 1
194 130 1
194 119 1
194 114 1
194 104 1
194 98 1
194 89 1
194 82 1
194 74 1
194 66 1
194 59 1
194 50 1
194 44 1
194 34 1
194 29 1
194 18 1
194 14 1
194 2 1
195 211 1
195 196 1
195 197 1
195 198 1
195 199 1
195 200 1
195 201 1
195 202 1
195 203 1
195 204 1
195 205 1
195 206 1
195 207 1
195 208 1
195 209 1
195 210 1
195 181 1
195 180 1
195 167 1
195 165 1
195 153 1
195 150 1
195 139 1
195 135 1
195 125 1
195 120 1
195 111 1
195 105 1
195 97 1
195 90 1
195 83 1
195 75 1
195 69 1
195 60 1
195 55 1
195 45 1
195 41 1
195 30 1
195 27 1
195 15 1
195 13 1
195 0 1
196 212 1
196 210 1
196 197 1
196 198 1
196 199 1
196 200 1
196 201 1
196 202 1
196 203 1
196 204 1
196 205 1
196 206 1
196 207 1
196 208 1
196 209 1
196 211 1
196 195 1
196 182 1
196 181 1
196 180 1
196 168 1
196 166 1
196 154 1
196 151 1
196 140 1
196 136 1
196 126 1
196 121 1
196 112 1
196 106 1
196 98 1
196 91 1
196 84 1
196 76 1
196 70 1
196 61 1
196 56 1
196 46 1
196 42 1
196 31 1
196 28 1
196 16 1
196 14 1
196 1 1
197 213 1
197 211 1
197 198 1
197 199 1
197 200 1
197 201 1
197 202 1
197 203 1
197 204 1
197 205 1
197 206 1
197 207 1
197 208 1
197 209 1
197 212 1
197 196 1
197 195 1
197 183 1
197 182 1
197 181 1
197 169 1
197 167 1
197 165 1
197 155 1
197 152 1
197 141 1
197 137 1
197 127 1
197 122 1
197 113 1
197 107 1
197 99 1
197 92 1
197 85 1
197 77 1
197 71 1
197 62 1
197 57 1
197 47 1
197 43 1
197 32 1
197 29 1
197 17 1
197 2 1
198 214 1
198 212 1
198 199 1
198 200 1
198 201 1
198 202 1
198 203 1
198 204 1
198 205 1
198 206 1
198 207 1
198 208 1
198 209 1
198 213 1
198 197 1
198 196 1
198 195 1
198 184 1
198 183 1
198 182 1
198 170 1
198 168 1
198 166 1
198 156 1
198 153 1
198 150 1
198 142 1
198 138 1
198 128 1
198 123 1
198 114 1
198 108 1
198 100 1
198 93 1
198 86 1
198 78 1
198 72 1
198 63 1
198 58 1
198 48 1
198 44 1
198 33 1
198 18 1
198 3 1
199 215 1
199 213 1
199 200 1
199 201 1
199 202 1
199 203 1
199 204 1
199 205 1
199 206 1
199 207 1
199 208 1
199 209 1
199 214 1
199 198 1
199 197 1
199 196 1
199 195 1
199 185 1
199 184 1
199 183 1
199 171 1
199 169 1
199 167 1
199 157 1
199 154 1
199 151 1
199 143 1
199 139 1
199 135 1
199 129 1
199 124 1
199 115 1
199 109 1
199 101 1
199 94 1
199 87 1
199 79 1
199 73 1
199 64 1
199 59 1
199 49 1
199 34 1
199 19 1
199 4 1
200 216 1
200 214 1
200 201 1
200 202 1
200 203 1
200 204 1
200 205 1
200 206 1
200 207 1
200 208 1
200 209 1
200 215 1
200 199 1
200 198 1
200 197 1
200 196 1
200 195 1
200 186 1
200 185 1
200 184 1
200 172 1
200 170 1
200 168 1
200 158 1
200 155 1
200 152 1
200 144 1
200 140 1
200 136 1
200 130 1
200 125 1
200 120 1
200 116 1
200 110 1
200 102 1
200 95 1
200 88 1
200 80 1
200 74 1
200 65 1
200 50 1
200 35 1
200 20 1
200 5 1
201 217 1
201 215 1
201 202 1
201 203 1
201 204 1
201 205 1
201 206 1
201 207 1
201 208 1
201 209 1
201 216 1
201 200 1
201 199 1
201 198 1
201 197 1
201 196 1
201 195 1
201 187 1
201 186 1
201 185 1
201 173 1
201 171 1
201 169 1
201 159 1
201 156 1
201 153 1
201 145 1
201 141 1
201 137 1
201 131 1
201 126 1
201 121 1
201 117 1
201 111 1
201 105 1
201 103 1
201 96 1
201 89 1
201 81 1
201 66 1
201 51 1
201 36 1
201 21 1
201 6 1
202 218 1
202 216 1
202 203 1
202 204 1
202 205 1
202 206 1
202 207 1
202 208 1
202 209 1
202 217 1
202 201 1
202 200 1
202 199 1
202 198 1
202 197 1
202 196 1
202 195 1
202 188 1
202 187 1
202 186 1
202 174 1
202 172 1
202 170 1
202 160 1
202 157 1
202 154 1
202 146 1
202 142 1
202 138 1
202 132 1
202 127 1
202 122 1
202 118 1
202 112 1
202 106 1
202 104 1
202 97 1
202 90 1
202 82 1
202 67 1
202 52 1
202 37 1
202 22 1
202 7 1
203 219 1
203 217 1
203 204 1
203 205 1
203 206 1
203 207 1
203 208 1
203 209 1
203 218 1
203 202 1
203 201 1
203 200 1
203 199 1
203 198 1
203 197 1
203 196 1
203 195 1
203 189 1
203 188 1
203 187 1
203 175 1
203 173 1
203 171 1
203 161 1
203 158 1
203 155 1
203 147 1
203 143 1
203 139 1
203 133 1
203 128 1
203 123 1
203 119 1
203 113 1
203 107 1
203 98 1
203 91 1
203 83 1
203 75 1
203 68 1
203 53 1
203 38 1
203 23 1
203 8 1
204 220 1
204 218 1
204 205 1
204 206 1
204 207 1
204 208 1
204 209 1
204 219 1
204 203 1
204 202 1
204 201 1
204 200 1
204 199 1
204 198 1
204 197 1
204 196 1
204 195 1
204 190 1
204 189 1
204 188 1
204 176 1
204 174 1
204 172 1
204 162 1
204 159 1
204 156 1
204 148 1
204 144 1
204 140 1
204 134 1
204 129 1
204 124 1
204 114 1
204 108 1
204 99 1
204 92 1
204 84 1
204 76 1
204 69 1
204 60 1
204 54 1
204 39 1
204 24 1
204 9 1
205 221 1
205 219 1
205 206 1
205 207 1
205 208 1
205 209 1
205 220 1
205 204 1
205 203 1
205 202 1
205 201 1
205 200 1
205 199 1
205 198 1
205 197 1
205 196 1
205 195 1
205 191 1
205 190 1
205 189 1
205 177 1
205 175 1
205 173 1
205 163 1
205 160 1
205 157 1
205 149 1
205 145 1
205 141 1
205 130 1
205 125 1
205 115 1
205 109 1
205 100 1
205 93 1
205 85 1
205 77 1
205 70 1
205 61 1
205 55 1
205 45 1
205 40 1
205 25 1
205 10 1
206 222 1
206 220 1
206 207 1
206 208 1
206 209 1
206 221 1
206 205 1
206 204 1
206 203 1
206 202 1
206 201 1
206 200 1
206 199 1
206 198 1
206 197 1
206 196 1
206 195 1
206 192 1
206 191 1
206 190 1
206 178 1
206 176 1
206 174 1
206 164 1
206 161 1
206 158 1
206 146 1
206 142 1
206 131 1
206 126 1
206 116 1
206 110 1
206 101 1
206 94 1
206 86 1
206 78 1
206 71 1
206 62 1
206 56 1
206 46 1
206 41 1
206 30 1
206 26 1
206 11 1
207 223 1
207 221 1
207 208 1
207 209 1
207 222 1
207 206 1
207 205 1
207 204 1
207 203 1
207 202 1
207 201 1
207 200 1
207 199 1
207 198 1
207 197 1
207 196 1
207 195 1
207 193 1
207 192 1
207 191 1
207 179 1
207 177 1
207 175 1
207 162 1
207 159 1
207 147 1
207 143 1
207 132 1
207 127 1
207 117 1
207 111 1
207 102 1
207 95 1
207 87 1
207 79 1
207 72 1
207 63 1
207 57 1
207 47 1
207 42 1
207 31 1
207 27 1
207 15 1
207 12 1
208 224 1
208 222 1
208 209 1
208 223 1
208 207 1
208 206 1
208 205 1
208 204 1
208 203 1
208 202 1
208 201 1
208 200 1
208 199 1
208 198 1
208 197 1
208 196 1
208 195 1
208 194 1
208 193 1
208 192 1
208 178 1
208 176 1
208 163 1
208 160 1
208 148 1
208 144 1
208 133 1
208 128 1
208 118 1
208 112 1
208 103 1
208 96 1
208 88 1
208 80 1
208 73 1
208 64 1
208 58 1
208 48 1
208 43 1
208 32 1
208 28 1
208 16 1
208 13 1
208 0 1
209 223 1
209 224 1
209 208 1
209 207 1
209 206 1
209 205 1
209 204 1
209 203 1
209 202 1
209 201 1
209 200 1
209 199 1
209 198 1
209 197 1
209 196 1
209 195 1
209 194 1
209 193 1
209 179 1
209 177 1
209 164 1
209 161 1
209 149 1
209 145 1
209 134 1
209 129 1
209 119 1
209 113 1
209 104 1
209 97 1
209 89 1
209 81 1
209 74 1
209 65 1
209 59 1
209 49 1
209 44 1
209 33 1
209 29 1
209 17 1
209 14 1
209 1 1
210 211 1
210 212 1
210 213 1
210 214 1
210 215 1
210 216 1
210 217 1
210 218 1
210 219 1
210 220 1
210 221 1
210 222 1
210 223 1
210 224 1
210 196 1
210 195 1
210 182 1
210 180 1
210 168 1
210 165 1
210 154 1
210 150 1
210 140 1
210 135 1
210 126 1
210 120 1
210 112 1
210 105 1
210 98 1
210 90 1
210 84 1
210 75 1
210 70 1
210 60 1
210 56 1
210 45 1
210 42 1
210 30 1
210 28 1
210 15 1
210 14 1
210 0 1
211 212 1
211 213 1
211 214 1
211 215 1
211 216 1
211 217 1
211 218 1
211 219 1
211 220 1
211 221 1
211 222 1
211 223 1
211 224 1
211 210 1
211 197 1
211 196 1
211 195 1
211 183 1
211 181 1
211 169 1
211 166 1
211 155 1
211 151 1
211 141 1
211 136 1
211 127 1
211 121 1
211 113 1
211 106 1
211 99 1
211 91 1
211 85 1
211 76 1
211 71 1
211 61 1
211 57 1
211 46 1
211 43 1
211 31 1
211 29 1
211 16 1
211 1 1
212 213 1
212 214 1
212 215 1
212 216 1
212 217 1
212 218 1
212 219 1
212 220 1
212 221 1
212 222 1
212 223 1
212 224 1
212 211 1
212 210 1
212 198 1
212 197 1
212 196 1
212 184 1
212 182 1
212 180 1
212 170 1
212 167 1
212 156 1
212 152 1
212 142 1
212 137 1
212 128 1
212 122 1
212 114 1
212 107 1
212 100 1
212 92 1
212 86 1
212 77 1
212 72 1
212 62 1
212 58 1
212 47 1
212 44 1
212 32 1
212 17 1
212 2 1
213 214 1
213 215 1
213 216 1
213 217 1
213 218 1
213 219 1
213 220 1
213 221 1
213 222 1
213 223 1
213 224 1
213 212 1
213 211 1
213 210 1
213 199 1
213 198 1
213 197 1
213 185 1
213 183 1
213 181 1
213 171 1
213 168 1
213 165 1
213 157 1
213 153 1
213 143 1
213 138 1
213 129 1
213 123 1
213 115 1
213 108 1
213 101 1
213 93 1
213 87 1
213 78 1
213 73 1
213 63 1
213 59 1
213 48 1
213 33 1
213 18 1
213 3 1
214 215 1
214 216 1
214 217 1
214 218 1
214 219 1
214 220 1
214 221 1
214 222 1
214 223 1
214 224 1
214 213 1
214 212 1
214 211 1
214 210 1
214 200 1
214 199 1
214 198 1
214 186 1
214 184 1
214 182 1
214 172 1
214 169 1
214 166 1
214 158 1
214 154 1
214 150 1
214 144 1
214 139 1
214 130 1
214 124 1
214 116 1
214 109 1
214 102 1
214 94 1
214 88 1
214 79 1
214 74 1
214 64 1
214 49 1
214 34 1
214 19 1
214 4 1
215 216 1
215 217 1
215 218 1
215 219 1
215 220 1
215 221 1
215 222 1
215 223 1
215 224 1
215 214 1
215 213 1
215 212 1
215 211 1
215 210 1
215 201 1
215 200 1
215 199 1
215 187 1
215 185 1
215 183 1
215 173 1
215 170 1
215 167 1
215 159 1
215 155 1
215 151 1
215 145 1
215 140 1
215 135 1
215 131 1
215 125 1
215 117 1
215 110 1
215 103 1
215 95 1
215 89 1
215 80 1
215 65 1
215 50 1
215 35 1
215 20 1
215 5 1
216 217 1
216 218 1
216 219 1
216 220 1
216 221 1
216 222 1
216 223 1
216 224 1
216 215 1
216 214 1
216 213 1
216 212 1
216 211 1
216 210 1
216 202 1
216 201 1
216 200 1
216 188 1
216 186 1
216 184 1
216 174 1
216 171 1
216 168 1
216 160 1
216 156 1
216 152 1
216 146 1
216 141 1
216 136 1
216 132 1
216 126 1
216 120 1
216 118 1
216 111 1
216 104 1
216 96 1
216 81 1
216 66 1
216 51 1
216 36 1
216 21 1
216 6 1
217 218 1
217 219 1
217 220 1
217 221 1
217 222 1
217 223 1
217 224 1
217 216 1
217 215 1
217 214 1
217 213 1
217 212 1
217 211 1
217 210 1
217 203 1
217 202 1
217 201 1
217 189 1
217 187 1
217 185 1
217 175 1
217 172 1
217 169 1
217 161 1
217 157 1
217 153 1
217 147 1
217 142 1
217 137 1
217 133 1
217 127 1
217 121 1
217 119 1
217 112 1
217 105 1
217 97 1
217 82 1
217 67 1
217 52 1
217 37 1
217 22 1
217 7 1
218 219 1
218 220 1
218 221 1
218 222 1
218 223 1
218 224 1
218 217 1
218 216 1
218 215 1
218 214 1
218 213 1
218 212 1
218 211 1
218 210 1
218 204 1
218 203 1
218 202 1
218 190 1
218 188 1
218 186 1
218 176 1
218 173 1
218 170 1
218 162 1
218 158 1
218 154 1
218 148 1
218 143 1
218 138 1
218 134 1
218 128 1
218 122 1
218 113 1
218 106 1
218 98 1
218 90 1
218 83 1
218 68 1
218 53 1
218 38 1
218 23 1
218 8 1
219 220 1
219 221 1
219 222 1
219 223 1
219 224 1
219 218 1
219 217 1
219 216 1
219 215 1
219 214 1
219 213 1
219 212 1
219 211 1
219 210 1
219 205 1
219 204 1
219 203 1
219 191 1
219 189 1
219 187 1
219 177 1
219 174 1
219 171 1
219 163 1
219 159 1
219 155 1
219 149 1
219 144 1
219 139 1
219 129 1
219 123 1
219 114 1
219 107 1
219 99 1
219 91 1
219 84 1
219 75 1
219 69 1
219 54 1
219 39 1
219 24 1
219 9 1
220 221 1
220 222 1
220 223 1
220 224 1
220 219 1
220 218 1
220 217 1
220 216 1
220 215 1
220 214 1
220 213 1
220 212 1
220 211 1
220 210 1
220 206 1
220 205 1
220 204 1
220 192 1
220 190 1
220 188 1
220 178 1
220 175 1
220 172 1
220 164 1
220 160 1
220 156 1
220 145 1
220 140 1
220 130 1
220 124 1
220 115 1
220 108 1
220 100 1
220 92 1
220 85 1
220 76 1
220 70 1
220 60 1
220 55 1
220 40 1
220 25 1
220 10 1
221 222 1
221 223 1
221 224 1
221 220 1
221 219 1
221 218 1
221 217 1
221 216 1
221 215 1
221 214 1
221 213 1
221 212 1
221 211 1
221 210 1
221 207 1
221 206 1
221 205 1
221 193 1
221 191 1
221 189 1
221 179 1
221 176 1
221 173 1
221 161 1
221 157 1
221 146 1
221 141 1
221 131 1
221 125 1
221 116 1
221 109 1
221 101 1
221 93 1
221 86 1
221 77 1
221 71 1
221 61 1
221 56 1
221 45 1
221 41 1
221 26 1
221 11 1
222 223 1
222 224 1
222 221 1
222 220 1
222 219 1
222 218 1
222 217 1
222 216 1
222 215 1
222 214 1
222 213 1
222 212 1
222 211 1
222 210 1
222 208 1
222 207 1
222 206 1
222 194 1
222 192 1
222 190 1
222 177 1
222 174 1
222 162 1
222 158 1
222 147 1
222 142 1
222 132 1
222 126 1
222 117 1
222 110 1
222 102 1
222 94 1
222 87 1
222 78 1
222 72 1
222 62 1
222 57 1
222 46 1
222 42 1
222 30 1
222 27 1
222 12 1
223 224 1
223 222 1
223 221 1
223 220 1
223 219 1
223 218 1
223 217 1
223 216 1
223 215 1
223 214 1
223 213 1
223 212 1
223 211 1
223 210 1
223 209 1
223 208 1
223 207 1
223 193 1
223 191 1
223 178 1
223 175 1
223 163 1
223 159 1
223 148 1
223 143 1
223 133 1
223 127 1
223 118 1
223 111 1
223 103 1
223 95 1
223 88 1
223 79 1
223 73 1
223 63 1
223 58 1
223 47 1
223 43 1
223 31 1
223 28 1
223 15 1
223 13 1
224 223 1
224 222 1
224 221 1
224 220 1
224 219 1
224 218 1
224 217 1
224 216 1
224 215 1
224 214 1
224 213 1
224 212 1
224 211 1
224 210 1
224 209 1
224 208 1
224 194 1
224 192 1
224 179 1
224 176 1
224 164 1
224 160 1
224 149 1
224 144 1
224 134 1
224 128 1
224 119 1
224 112 1
224 104 1
224 96 1
224 89 1
224 80 1
224 74 1
224 64 1
224 59 1
224 48 1
224 44 1
224 32 1
224 29 1
224 16 1
224 14 1
224 0 1
;
end;