data;
param V := 144;
param E := 
0 13 1
0 26 1
0 39 1
0 52 1
0 65 1
0 78 1
0 91 1
0 104 1
0 117 1
0 130 1
0 143 1
0 1 1
0 2 1
0 3 1
0 4 1
0 5 1
0 6 1
0 7 1
0 8 1
0 9 1
0 10 1
0 11 1
0 12 1
0 24 1
0 36 1
0 48 1
0 60 1
0 72 1
0 84 1
0 96 1
0 108 1
0 120 1
0 132 1
1 14 1
1 27 1
1 40 1
1 53 1
1 66 1
1 79 1
1 92 1
1 105 1
1 118 1
1 131 1
1 12 1
1 2 1
1 3 1
1 4 1
1 5 1
1 6 1
1 7 1
1 8 1
1 9 1
1 10 1
1 11 1
1 13 1
1 25 1
1 37 1
1 49 1
1 61 1
1 73 1
1 85 1
1 97 1
1 109 1
1 121 1
1 133 1
1 0 1
2 15 1
2 28 1
2 41 1
2 54 1
2 67 1
2 80 1
2 93 1
2 106 1
2 119 1
2 13 1
2 24 1
2 3 1
2 4 1
2 5 1
2 6 1
2 7 1
2 8 1
2 9 1
2 10 1
2 11 1
2 14 1
2 26 1
2 38 1
2 50 1
2 62 1
2 74 1
2 86 1
2 98 1
2 110 1
2 122 1
2 134 1
2 1 1
2 0 1
3 16 1
3 29 1
3 42 1
3 55 1
3 68 1
3 81 1
3 94 1
3 107 1
3 14 1
3 25 1
3 36 1
3 4 1
3 5 1
3 6 1
3 7 1
3 8 1
3 9 1
3 10 1
3 11 1
3 15 1
3 27 1
3 39 1
3 51 1
3 63 1
3 75 1
3 87 1
3 99 1
3 111 1
3 123 1
3 135 1
3 2 1
3 1 1
3 0 1
4 17 1
4 30 1
4 43 1
4 56 1
4 69 1
4 82 1
4 95 1
4 15 1
4 26 1
4 37 1
4 48 1
4 5 1
4 6 1
4 7 1
4 8 1
4 9 1
4 10 1
4 11 1
4 16 1
4 28 1
4 40 1
4 52 1
4 64 1
4 76 1
4 88 1
4 100 1
4 112 1
4 124 1
4 136 1
4 3 1
4 2 1
4 1 1
4 0 1
5 18 1
5 31 1
5 44 1
5 57 1
5 70 1
5 83 1
5 16 1
5 27 1
5 38 1
5 49 1
5 60 1
5 6 1
5 7 1
5 8 1
5 9 1
5 10 1
5 11 1
5 17 1
5 29 1
5 41 1
5 53 1
5 65 1
5 77 1
5 89 1
5 101 1
5 113 1
5 125 1
5 137 1
5 4 1
5 3 1
5 2 1
5 1 1
5 0 1
6 19 1
6 32 1
6 45 1
6 58 1
6 71 1
6 17 1
6 28 1
6 39 1
6 50 1
6 61 1
6 72 1
6 7 1
6 8 1
6 9 1
6 10 1
6 11 1
6 18 1
6 30 1
6 42 1
6 54 1
6 66 1
6 78 1
6 90 1
6 102 1
6 114 1
6 126 1
6 138 1
6 5 1
6 4 1
6 3 1
6 2 1
6 1 1
6 0 1
7 20 1
7 33 1
7 46 1
7 59 1
7 18 1
7 29 1
7 40 1
7 51 1
7 62 1
7 73 1
7 84 1
7 8 1
7 9 1
7 10 1
7 11 1
7 19 1
7 31 1
7 43 1
7 55 1
7 67 1
7 79 1
7 91 1
7 103 1
7 115 1
7 127 1
7 139 1
7 6 1
7 5 1
7 4 1
7 3 1
7 2 1
7 1 1
7 0 1
8 21 1
8 34 1
8 47 1
8 19 1
8 30 1
8 41 1
8 52 1
8 63 1
8 74 1
8 85 1
8 96 1
8 9 1
8 10 1
8 11 1
8 20 1
8 32 1
8 44 1
8 56 1
8 68 1
8 80 1
8 92 1
8 104 1
8 116 1
8 128 1
8 140 1
8 7 1
8 6 1
8 5 1
8 4 1
8 3 1
8 2 1
8 1 1
8 0 1
9 22 1
9 35 1
9 20 1
9 31 1
9 42 1
9 53 1
9 64 1
9 75 1
9 86 1
9 97 1
9 108 1
9 10 1
9 11 1
9 21 1
9 33 1
9 45 1
9 57 1
9 69 1
9 81 1
9 93 1
9 105 1
9 117 1
9 129 1
9 141 1
9 8 1
9 7 1
9 6 1
9 5 1
9 4 1
9 3 1
9 2 1
9 1 1
9 0 1
10 23 1
10 21 1
10 32 1
10 43 1
10 54 1
10 65 1
10 76 1
10 87 1
10 98 1
10 109 1
10 120 1
10 11 1
10 22 1
10 34 1
10 46 1
10 58 1
10 70 1
10 82 1
10 94 1
10 106 1
10 118 1
10 130 1
10 142 1
10 9 1
10 8 1
10 7 1
10 6 1
10 5 1
10 4 1
10 3 1
10 2 1
10 1 1
10 0 1
11 22 1
11 33 1
11 44 1
11 55 1
11 66 1
11 77 1
11 88 1
11 99 1
11 110 1
11 121 1
11 132 1
11 23 1
11 35 1
11 47 1
11 59 1
11 71 1
11 83 1
11 95 1
11 107 1
11 119 1
11 131 1
11 143 1
11 10 1
11 9 1
11 8 1
11 7 1
11 6 1
11 5 1
11 4 1
11 3 1
11 2 1
11 1 1
11 0 1
12 25 1
12 38 1
12 51 1
12 64 1
12 77 1
12 90 1
12 103 1
12 116 1
12 129 1
12 142 1
12 13 1
12 14 1
12 15 1
12 16 1
12 17 1
12 18 1
12 19 1
12 20 1
12 21 1
12 22 1
12 23 1
12 24 1
12 36 1
12 48 1
12 60 1
12 72 1
12 84 1
12 96 1
12 108 1
12 120 1
12 132 1
12 1 1
12 0 1
13 26 1
13 39 1
13 52 1
13 65 1
13 78 1
13 91 1
13 104 1
13 117 1
13 130 1
13 143 1
13 24 1
13 14 1
13 15 1
13 16 1
13 17 1
13 18 1
13 19 1
13 20 1
13 21 1
13 22 1
13 23 1
13 25 1
13 37 1
13 49 1
13 61 1
13 73 1
13 85 1
13 97 1
13 109 1
13 121 1
13 133 1
13 12 1
13 2 1
13 1 1
13 0 1
14 27 1
14 40 1
14 53 1
14 66 1
14 79 1
14 92 1
14 105 1
14 118 1
14 131 1
14 25 1
14 36 1
14 15 1
14 16 1
14 17 1
14 18 1
14 19 1
14 20 1
14 21 1
14 22 1
14 23 1
14 26 1
14 38 1
14 50 1
14 62 1
14 74 1
14 86 1
14 98 1
14 110 1
14 122 1
14 134 1
14 13 1
14 12 1
14 3 1
14 2 1
14 1 1
15 28 1
15 41 1
15 54 1
15 67 1
15 80 1
15 93 1
15 106 1
15 119 1
15 26 1
15 37 1
15 48 1
15 16 1
15 17 1
15 18 1
15 19 1
15 20 1
15 21 1
15 22 1
15 23 1
15 27 1
15 39 1
15 51 1
15 63 1
15 75 1
15 87 1
15 99 1
15 111 1
15 123 1
15 135 1
15 14 1
15 13 1
15 12 1
15 4 1
15 3 1
15 2 1
16 29 1
16 42 1
16 55 1
16 68 1
16 81 1
16 94 1
16 107 1
16 27 1
16 38 1
16 49 1
16 60 1
16 17 1
16 18 1
16 19 1
16 20 1
16 21 1
16 22 1
16 23 1
16 28 1
16 40 1
16 52 1
16 64 1
16 76 1
16 88 1
16 100 1
16 112 1
16 124 1
16 136 1
16 15 1
16 14 1
16 13 1
16 12 1
16 5 1
16 4 1
16 3 1
17 30 1
17 43 1
17 56 1
17 69 1
17 82 1
17 95 1
17 28 1
17 39 1
17 50 1
17 61 1
17 72 1
17 18 1
17 19 1
17 20 1
17 21 1
17 22 1
17 23 1
17 29 1
17 41 1
17 53 1
17 65 1
17 77 1
17 89 1
17 101 1
17 113 1
17 125 1
17 137 1
17 16 1
17 15 1
17 14 1
17 13 1
17 12 1
17 6 1
17 5 1
17 4 1
18 31 1
18 44 1
18 57 1
18 70 1
18 83 1
18 29 1
18 40 1
18 51 1
18 62 1
18 73 1
18 84 1
18 19 1
18 20 1
18 21 1
18 22 1
18 23 1
18 30 1
18 42 1
18 54 1
18 66 1
18 78 1
18 90 1
18 102 1
18 114 1
18 126 1
18 138 1
18 17 1
18 16 1
18 15 1
18 14 1
18 13 1
18 12 1
18 7 1
18 6 1
18 5 1
19 32 1
19 45 1
19 58 1
19 71 1
19 30 1
19 41 1
19 52 1
19 63 1
19 74 1
19 85 1
19 96 1
19 20 1
19 21 1
19 22 1
19 23 1
19 31 1
19 43 1
19 55 1
19 67 1
19 79 1
19 91 1
19 103 1
19 115 1
19 127 1
19 139 1
19 18 1
19 17 1
19 16 1
19 15 1
19 14 1
19 13 1
19 12 1
19 8 1
19 7 1
19 6 1
20 33 1
20 46 1
20 59 1
20 31 1
20 42 1
20 53 1
20 64 1
20 75 1
20 86 1
20 97 1
20 108 1
20 21 1
20 22 1
20 23 1
20 32 1
20 44 1
20 56 1
20 68 1
20 80 1
20 92 1
20 104 1
20 116 1
20 128 1
20 140 1
20 19 1
20 18 1
20 17 1
20 16 1
20 15 1
20 14 1
20 13 1
20 12 1
20 9 1
20 8 1
20 7 1
21 34 1
21 47 1
21 32 1
21 43 1
21 54 1
21 65 1
21 76 1
21 87 1
21 98 1
21 109 1
21 120 1
21 22 1
21 23 1
21 33 1
21 45 1
21 57 1
21 69 1
21 81 1
21 93 1
21 105 1
21 117 1
21 129 1
21 141 1
21 20 1
21 19 1
21 18 1
21 17 1
21 16 1
21 15 1
21 14 1
21 13 1
21 12 1
21 10 1
21 9 1
21 8 1
22 35 1
22 33 1
22 44 1
22 55 1
22 66 1
22 77 1
22 88 1
22 99 1
22 110 1
22 121 1
22 132 1
22 23 1
22 34 1
22 46 1
22 58 1
22 70 1
22 82 1
22 94 1
22 106 1
22 118 1
22 130 1
22 142 1
22 21 1
22 20 1
22 19 1
22 18 1
22 17 1
22 16 1
22 15 1
22 14 1
22 13 1
22 12 1
22 11 1
22 10 1
22 9 1
23 34 1
23 45 1
23 56 1
23 67 1
23 78 1
23 89 1
23 100 1
23 111 1
23 122 1
23 133 1
23 35 1
23 47 1
23 59 1
23 71 1
23 83 1
23 95 1
23 107 1
23 119 1
23 131 1
23 143 1
23 22 1
23 21 1
23 20 1
23 19 1
23 18 1
23 17 1
23 16 1
23 15 1
23 14 1
23 13 1
23 12 1
23 11 1
23 10 1
24 37 1
24 50 1
24 63 1
24 76 1
24 89 1
24 102 1
24 115 1
24 128 1
24 141 1
24 25 1
24 26 1
24 27 1
24 28 1
24 29 1
24 30 1
24 31 1
24 32 1
24 33 1
24 34 1
24 35 1
24 36 1
24 48 1
24 60 1
24 72 1
24 84 1
24 96 1
24 108 1
24 120 1
24 132 1
24 13 1
24 12 1
24 2 1
24 0 1
25 38 1
25 51 1
25 64 1
25 77 1
25 90 1
25 103 1
25 116 1
25 129 1
25 142 1
25 36 1
25 26 1
25 27 1
25 28 1
25 29 1
25 30 1
25 31 1
25 32 1
25 33 1
25 34 1
25 35 1
25 37 1
25 49 1
25 61 1
25 73 1
25 85 1
25 97 1
25 109 1
25 121 1
25 133 1
25 24 1
25 14 1
25 13 1
25 12 1
25 3 1
25 1 1
26 39 1
26 52 1
26 65 1
26 78 1
26 91 1
26 104 1
26 117 1
26 130 1
26 143 1
26 37 1
26 48 1
26 27 1
26 28 1
26 29 1
26 30 1
26 31 1
26 32 1
26 33 1
26 34 1
26 35 1
26 38 1
26 50 1
26 62 1
26 74 1
26 86 1
26 98 1
26 110 1
26 122 1
26 134 1
26 25 1
26 24 1
26 15 1
26 14 1
26 13 1
26 4 1
26 2 1
26 0 1
27 40 1
27 53 1
27 66 1
27 79 1
27 92 1
27 105 1
27 118 1
27 131 1
27 38 1
27 49 1
27 60 1
27 28 1
27 29 1
27 30 1
27 31 1
27 32 1
27 33 1
27 34 1
27 35 1
27 39 1
27 51 1
27 63 1
27 75 1
27 87 1
27 99 1
27 111 1
27 123 1
27 135 1
27 26 1
27 25 1
27 24 1
27 16 1
27 15 1
27 14 1
27 5 1
27 3 1
27 1 1
28 41 1
28 54 1
28 67 1
28 80 1
28 93 1
28 106 1
28 119 1
28 39 1
28 50 1
28 61 1
28 72 1
28 29 1
28 30 1
28 31 1
28 32 1
28 33 1
28 34 1
28 35 1
28 40 1
28 52 1
28 64 1
28 76 1
28 88 1
28 100 1
28 112 1
28 124 1
28 136 1
28 27 1
28 26 1
28 25 1
28 24 1
28 17 1
28 16 1
28 15 1
28 6 1
28 4 1
28 2 1
29 42 1
29 55 1
29 68 1
29 81 1
29 94 1
29 107 1
29 40 1
29 51 1
29 62 1
29 73 1
29 84 1
29 30 1
29 31 1
29 32 1
29 33 1
29 34 1
29 35 1
29 41 1
29 53 1
29 65 1
29 77 1
29 89 1
29 101 1
29 113 1
29 125 1
29 137 1
29 28 1
29 27 1
29 26 1
29 25 1
29 24 1
29 18 1
29 17 1
29 16 1
29 7 1
29 5 1
29 3 1
30 43 1
30 56 1
30 69 1
30 82 1
30 95 1
30 41 1
30 52 1
30 63 1
30 74 1
30 85 1
30 96 1
30 31 1
30 32 1
30 33 1
30 34 1
30 35 1
30 42 1
30 54 1
30 66 1
30 78 1
30 90 1
30 102 1
30 114 1
30 126 1
30 138 1
30 29 1
30 28 1
30 27 1
30 26 1
30 25 1
30 24 1
30 19 1
30 18 1
30 17 1
30 8 1
30 6 1
30 4 1
31 44 1
31 57 1
31 70 1
31 83 1
31 42 1
31 53 1
31 64 1
31 75 1
31 86 1
31 97 1
31 108 1
31 32 1
31 33 1
31 34 1
31 35 1
31 43 1
31 55 1
31 67 1
31 79 1
31 91 1
31 103 1
31 115 1
31 127 1
31 139 1
31 30 1
31 29 1
31 28 1
31 27 1
31 26 1
31 25 1
31 24 1
31 20 1
31 19 1
31 18 1
31 9 1
31 7 1
31 5 1
32 45 1
32 58 1
32 71 1
32 43 1
32 54 1
32 65 1
32 76 1
32 87 1
32 98 1
32 109 1
32 120 1
32 33 1
32 34 1
32 35 1
32 44 1
32 56 1
32 68 1
32 80 1
32 92 1
32 104 1
32 116 1
32 128 1
32 140 1
32 31 1
32 30 1
32 29 1
32 28 1
32 27 1
32 26 1
32 25 1
32 24 1
32 21 1
32 20 1
32 19 1
32 10 1
32 8 1
32 6 1
33 46 1
33 59 1
33 44 1
33 55 1
33 66 1
33 77 1
33 88 1
33 99 1
33 110 1
33 121 1
33 132 1
33 34 1
33 35 1
33 45 1
33 57 1
33 69 1
33 81 1
33 93 1
33 105 1
33 117 1
33 129 1
33 141 1
33 32 1
33 31 1
33 30 1
33 29 1
33 28 1
33 27 1
33 26 1
33 25 1
33 24 1
33 22 1
33 21 1
33 20 1
33 11 1
33 9 1
33 7 1
34 47 1
34 45 1
34 56 1
34 67 1
34 78 1
34 89 1
34 100 1
34 111 1
34 122 1
34 133 1
34 35 1
34 46 1
34 58 1
34 70 1
34 82 1
34 94 1
34 106 1
34 118 1
34 130 1
34 142 1
34 33 1
34 32 1
34 31 1
34 30 1
34 29 1
34 28 1
34 27 1
34 26 1
34 25 1
34 24 1
34 23 1
34 22 1
34 21 1
34 10 1
34 8 1
35 46 1
35 57 1
35 68 1
35 79 1
35 90 1
35 101 1
35 112 1
35 123 1
35 134 1
35 47 1
35 59 1
35 71 1
35 83 1
35 95 1
35 107 1
35 119 1
35 131 1
35 143 1
35 34 1
35 33 1
35 32 1
35 31 1
35 30 1
35 29 1
35 28 1
35 27 1
35 26 1
35 25 1
35 24 1
35 23 1
35 22 1
35 11 1
35 9 1
36 49 1
36 62 1
36 75 1
36 88 1
36 101 1
36 114 1
36 127 1
36 140 1
36 37 1
36 38 1
36 39 1
36 40 1
36 41 1
36 42 1
36 43 1
36 44 1
36 45 1
36 46 1
36 47 1
36 48 1
36 60 1
36 72 1
36 84 1
36 96 1
36 108 1
36 120 1
36 132 1
36 25 1
36 24 1
36 14 1
36 12 1
36 3 1
36 0 1
37 50 1
37 63 1
37 76 1
37 89 1
37 102 1
37 115 1
37 128 1
37 141 1
37 48 1
37 38 1
37 39 1
37 40 1
37 41 1
37 42 1
37 43 1
37 44 1
37 45 1
37 46 1
37 47 1
37 49 1
37 61 1
37 73 1
37 85 1
37 97 1
37 109 1
37 121 1
37 133 1
37 36 1
37 26 1
37 25 1
37 24 1
37 15 1
37 13 1
37 4 1
37 1 1
38 51 1
38 64 1
38 77 1
38 90 1
38 103 1
38 116 1
38 129 1
38 142 1
38 49 1
38 60 1
38 39 1
38 40 1
38 41 1
38 42 1
38 43 1
38 44 1
38 45 1
38 46 1
38 47 1
38 50 1
38 62 1
38 74 1
38 86 1
38 98 1
38 110 1
38 122 1
38 134 1
38 37 1
38 36 1
38 27 1
38 26 1
38 25 1
38 16 1
38 14 1
38 12 1
38 5 1
38 2 1
39 52 1
39 65 1
39 78 1
39 91 1
39 104 1
39 117 1
39 130 1
39 143 1
39 50 1
39 61 1
39 72 1
39 40 1
39 41 1
39 42 1
39 43 1
39 44 1
39 45 1
39 46 1
39 47 1
39 51 1
39 63 1
39 75 1
39 87 1
39 99 1
39 111 1
39 123 1
39 135 1
39 38 1
39 37 1
39 36 1
39 28 1
39 27 1
39 26 1
39 17 1
39 15 1
39 13 1
39 6 1
39 3 1
39 0 1
40 53 1
40 66 1
40 79 1
40 92 1
40 105 1
40 118 1
40 131 1
40 51 1
40 62 1
40 73 1
40 84 1
40 41 1
40 42 1
40 43 1
40 44 1
40 45 1
40 46 1
40 47 1
40 52 1
40 64 1
40 76 1
40 88 1
40 100 1
40 112 1
40 124 1
40 136 1
40 39 1
40 38 1
40 37 1
40 36 1
40 29 1
40 28 1
40 27 1
40 18 1
40 16 1
40 14 1
40 7 1
40 4 1
40 1 1
41 54 1
41 67 1
41 80 1
41 93 1
41 106 1
41 119 1
41 52 1
41 63 1
41 74 1
41 85 1
41 96 1
41 42 1
41 43 1
41 44 1
41 45 1
41 46 1
41 47 1
41 53 1
41 65 1
41 77 1
41 89 1
41 101 1
41 113 1
41 125 1
41 137 1
41 40 1
41 39 1
41 38 1
41 37 1
41 36 1
41 30 1
41 29 1
41 28 1
41 19 1
41 17 1
41 15 1
41 8 1
41 5 1
41 2 1
42 55 1
42 68 1
42 81 1
42 94 1
42 107 1
42 53 1
42 64 1
42 75 1
42 86 1
42 97 1
42 108 1
42 43 1
42 44 1
42 45 1
42 46 1
42 47 1
42 54 1
42 66 1
42 78 1
42 90 1
42 102 1
42 114 1
42 126 1
42 138 1
42 41 1
42 40 1
42 39 1
42 38 1
42 37 1
42 36 1
42 31 1
42 30 1
42 29 1
42 20 1
42 18 1
42 16 1
42 9 1
42 6 1
42 3 1
43 56 1
43 69 1
43 82 1
43 95 1
43 54 1
43 65 1
43 76 1
43 87 1
43 98 1
43 109 1
43 120 1
43 44 1
43 45 1
43 46 1
43 47 1
43 55 1
43 67 1
43 79 1
43 91 1
43 103 1
43 115 1
43 127 1
43 139 1
43 42 1
43 41 1
43 40 1
43 39 1
43 38 1
43 37 1
43 36 1
43 32 1
43 31 1
43 30 1
43 21 1
43 19 1
43 17 1
43 10 1
43 7 1
43 4 1
44 57 1
44 70 1
44 83 1
44 55 1
44 66 1
44 77 1
44 88 1
44 99 1
44 110 1
44 121 1
44 132 1
44 45 1
44 46 1
44 47 1
44 56 1
44 68 1
44 80 1
44 92 1
44 104 1
44 116 1
44 128 1
44 140 1
44 43 1
44 42 1
44 41 1
44 40 1
44 39 1
44 38 1
44 37 1
44 36 1
44 33 1
44 32 1
44 31 1
44 22 1
44 20 1
44 18 1
44 11 1
44 8 1
44 5 1
45 58 1
45 71 1
45 56 1
45 67 1
45 78 1
45 89 1
45 100 1
45 111 1
45 122 1
45 133 1
45 46 1
45 47 1
45 57 1
45 69 1
45 81 1
45 93 1
45 105 1
45 117 1
45 129 1
45 141 1
45 44 1
45 43 1
45 42 1
45 41 1
45 40 1
45 39 1
45 38 1
45 37 1
45 36 1
45 34 1
45 33 1
45 32 1
45 23 1
45 21 1
45 19 1
45 9 1
45 6 1
46 59 1
46 57 1
46 68 1
46 79 1
46 90 1
46 101 1
46 112 1
46 123 1
46 134 1
46 47 1
46 58 1
46 70 1
46 82 1
46 94 1
46 106 1
46 118 1
46 130 1
46 142 1
46 45 1
46 44 1
46 43 1
46 42 1
46 41 1
46 40 1
46 39 1
46 38 1
46 37 1
46 36 1
46 35 1
46 34 1
46 33 1
46 22 1
46 20 1
46 10 1
46 7 1
47 58 1
47 69 1
47 80 1
47 91 1
47 102 1
47 113 1
47 124 1
47 135 1
47 59 1
47 71 1
47 83 1
47 95 1
47 107 1
47 119 1
47 131 1
47 143 1
47 46 1
47 45 1
47 44 1
47 43 1
47 42 1
47 41 1
47 40 1
47 39 1
47 38 1
47 37 1
47 36 1
47 35 1
47 34 1
47 23 1
47 21 1
47 11 1
47 8 1
48 61 1
48 74 1
48 87 1
48 100 1
48 113 1
48 126 1
48 139 1
48 49 1
48 50 1
48 51 1
48 52 1
48 53 1
48 54 1
48 55 1
48 56 1
48 57 1
48 58 1
48 59 1
48 60 1
48 72 1
48 84 1
48 96 1
48 108 1
48 120 1
48 132 1
48 37 1
48 36 1
48 26 1
48 24 1
48 15 1
48 12 1
48 4 1
48 0 1
49 62 1
49 75 1
49 88 1
49 101 1
49 114 1
49 127 1
49 140 1
49 60 1
49 50 1
49 51 1
49 52 1
49 53 1
49 54 1
49 55 1
49 56 1
49 57 1
49 58 1
49 59 1
49 61 1
49 73 1
49 85 1
49 97 1
49 109 1
49 121 1
49 133 1
49 48 1
49 38 1
49 37 1
49 36 1
49 27 1
49 25 1
49 16 1
49 13 1
49 5 1
49 1 1
50 63 1
50 76 1
50 89 1
50 102 1
50 115 1
50 128 1
50 141 1
50 61 1
50 72 1
50 51 1
50 52 1
50 53 1
50 54 1
50 55 1
50 56 1
50 57 1
50 58 1
50 59 1
50 62 1
50 74 1
50 86 1
50 98 1
50 110 1
50 122 1
50 134 1
50 49 1
50 48 1
50 39 1
50 38 1
50 37 1
50 28 1
50 26 1
50 24 1
50 17 1
50 14 1
50 6 1
50 2 1
51 64 1
51 77 1
51 90 1
51 103 1
51 116 1
51 129 1
51 142 1
51 62 1
51 73 1
51 84 1
51 52 1
51 53 1
51 54 1
51 55 1
51 56 1
51 57 1
51 58 1
51 59 1
51 63 1
51 75 1
51 87 1
51 99 1
51 111 1
51 123 1
51 135 1
51 50 1
51 49 1
51 48 1
51 40 1
51 39 1
51 38 1
51 29 1
51 27 1
51 25 1
51 18 1
51 15 1
51 12 1
51 7 1
51 3 1
52 65 1
52 78 1
52 91 1
52 104 1
52 117 1
52 130 1
52 143 1
52 63 1
52 74 1
52 85 1
52 96 1
52 53 1
52 54 1
52 55 1
52 56 1
52 57 1
52 58 1
52 59 1
52 64 1
52 76 1
52 88 1
52 100 1
52 112 1
52 124 1
52 136 1
52 51 1
52 50 1
52 49 1
52 48 1
52 41 1
52 40 1
52 39 1
52 30 1
52 28 1
52 26 1
52 19 1
52 16 1
52 13 1
52 8 1
52 4 1
52 0 1
53 66 1
53 79 1
53 92 1
53 105 1
53 118 1
53 131 1
53 64 1
53 75 1
53 86 1
53 97 1
53 108 1
53 54 1
53 55 1
53 56 1
53 57 1
53 58 1
53 59 1
53 65 1
53 77 1
53 89 1
53 101 1
53 113 1
53 125 1
53 137 1
53 52 1
53 51 1
53 50 1
53 49 1
53 48 1
53 42 1
53 41 1
53 40 1
53 31 1
53 29 1
53 27 1
53 20 1
53 17 1
53 14 1
53 9 1
53 5 1
53 1 1
54 67 1
54 80 1
54 93 1
54 106 1
54 119 1
54 65 1
54 76 1
54 87 1
54 98 1
54 109 1
54 120 1
54 55 1
54 56 1
54 57 1
54 58 1
54 59 1
54 66 1
54 78 1
54 90 1
54 102 1
54 114 1
54 126 1
54 138 1
54 53 1
54 52 1
54 51 1
54 50 1
54 49 1
54 48 1
54 43 1
54 42 1
54 41 1
54 32 1
54 30 1
54 28 1
54 21 1
54 18 1
54 15 1
54 10 1
54 6 1
54 2 1
55 68 1
55 81 1
55 94 1
55 107 1
55 66 1
55 77 1
55 88 1
55 99 1
55 110 1
55 121 1
55 132 1
55 56 1
55 57 1
55 58 1
55 59 1
55 67 1
55 79 1
55 91 1
55 103 1
55 115 1
55 127 1
55 139 1
55 54 1
55 53 1
55 52 1
55 51 1
55 50 1
55 49 1
55 48 1
55 44 1
55 43 1
55 42 1
55 33 1
55 31 1
55 29 1
55 22 1
55 19 1
55 16 1
55 11 1
55 7 1
55 3 1
56 69 1
56 82 1
56 95 1
56 67 1
56 78 1
56 89 1
56 100 1
56 111 1
56 122 1
56 133 1
56 57 1
56 58 1
56 59 1
56 68 1
56 80 1
56 92 1
56 104 1
56 116 1
56 128 1
56 140 1
56 55 1
56 54 1
56 53 1
56 52 1
56 51 1
56 50 1
56 49 1
56 48 1
56 45 1
56 44 1
56 43 1
56 34 1
56 32 1
56 30 1
56 23 1
56 20 1
56 17 1
56 8 1
56 4 1
57 70 1
57 83 1
57 68 1
57 79 1
57 90 1
57 101 1
57 112 1
57 123 1
57 134 1
57 58 1
57 59 1
57 69 1
57 81 1
57 93 1
57 105 1
57 117 1
57 129 1
57 141 1
57 56 1
57 55 1
57 54 1
57 53 1
57 52 1
57 51 1
57 50 1
57 49 1
57 48 1
57 46 1
57 45 1
57 44 1
57 35 1
57 33 1
57 31 1
57 21 1
57 18 1
57 9 1
57 5 1
58 71 1
58 69 1
58 80 1
58 91 1
58 102 1
58 113 1
58 124 1
58 135 1
58 59 1
58 70 1
58 82 1
58 94 1
58 106 1
58 118 1
58 130 1
58 142 1
58 57 1
58 56 1
58 55 1
58 54 1
58 53 1
58 52 1
58 51 1
58 50 1
58 49 1
58 48 1
58 47 1
58 46 1
58 45 1
58 34 1
58 32 1
58 22 1
58 19 1
58 10 1
58 6 1
59 70 1
59 81 1
59 92 1
59 103 1
59 114 1
59 125 1
59 136 1
59 71 1
59 83 1
59 95 1
59 107 1
59 119 1
59 131 1
59 143 1
59 58 1
59 57 1
59 56 1
59 55 1
59 54 1
59 53 1
59 52 1
59 51 1
59 50 1
59 49 1
59 48 1
59 47 1
59 46 1
59 35 1
59 33 1
59 23 1
59 20 1
59 11 1
59 7 1
60 73 1
60 86 1
60 99 1
60 112 1
60 125 1
60 138 1
60 61 1
60 62 1
60 63 1
60 64 1
60 65 1
60 66 1
60 67 1
60 68 1
60 69 1
60 70 1
60 71 1
60 72 1
60 84 1
60 96 1
60 108 1
60 120 1
60 132 1
60 49 1
60 48 1
60 38 1
60 36 1
60 27 1
60 24 1
60 16 1
60 12 1
60 5 1
60 0 1
61 74 1
61 87 1
61 100 1
61 113 1
61 126 1
61 139 1
61 72 1
61 62 1
61 63 1
61 64 1
61 65 1
61 66 1
61 67 1
61 68 1
61 69 1
61 70 1
61 71 1
61 73 1
61 85 1
61 97 1
61 109 1
61 121 1
61 133 1
61 60 1
61 50 1
61 49 1
61 48 1
61 39 1
61 37 1
61 28 1
61 25 1
61 17 1
61 13 1
61 6 1
61 1 1
62 75 1
62 88 1
62 101 1
62 114 1
62 127 1
62 140 1
62 73 1
62 84 1
62 63 1
62 64 1
62 65 1
62 66 1
62 67 1
62 68 1
62 69 1
62 70 1
62 71 1
62 74 1
62 86 1
62 98 1
62 110 1
62 122 1
62 134 1
62 61 1
62 60 1
62 51 1
62 50 1
62 49 1
62 40 1
62 38 1
62 36 1
62 29 1
62 26 1
62 18 1
62 14 1
62 7 1
62 2 1
63 76 1
63 89 1
63 102 1
63 115 1
63 128 1
63 141 1
63 74 1
63 85 1
63 96 1
63 64 1
63 65 1
63 66 1
63 67 1
63 68 1
63 69 1
63 70 1
63 71 1
63 75 1
63 87 1
63 99 1
63 111 1
63 123 1
63 135 1
63 62 1
63 61 1
63 60 1
63 52 1
63 51 1
63 50 1
63 41 1
63 39 1
63 37 1
63 30 1
63 27 1
63 24 1
63 19 1
63 15 1
63 8 1
63 3 1
64 77 1
64 90 1
64 103 1
64 116 1
64 129 1
64 142 1
64 75 1
64 86 1
64 97 1
64 108 1
64 65 1
64 66 1
64 67 1
64 68 1
64 69 1
64 70 1
64 71 1
64 76 1
64 88 1
64 100 1
64 112 1
64 124 1
64 136 1
64 63 1
64 62 1
64 61 1
64 60 1
64 53 1
64 52 1
64 51 1
64 42 1
64 40 1
64 38 1
64 31 1
64 28 1
64 25 1
64 20 1
64 16 1
64 12 1
64 9 1
64 4 1
65 78 1
65 91 1
65 104 1
65 117 1
65 130 1
65 143 1
65 76 1
65 87 1
65 98 1
65 109 1
65 120 1
65 66 1
65 67 1
65 68 1
65 69 1
65 70 1
65 71 1
65 77 1
65 89 1
65 101 1
65 113 1
65 125 1
65 137 1
65 64 1
65 63 1
65 62 1
65 61 1
65 60 1
65 54 1
65 53 1
65 52 1
65 43 1
65 41 1
65 39 1
65 32 1
65 29 1
65 26 1
65 21 1
65 17 1
65 13 1
65 10 1
65 5 1
65 0 1
66 79 1
66 92 1
66 105 1
66 118 1
66 131 1
66 77 1
66 88 1
66 99 1
66 110 1
66 121 1
66 132 1
66 67 1
66 68 1
66 69 1
66 70 1
66 71 1
66 78 1
66 90 1
66 102 1
66 114 1
66 126 1
66 138 1
66 65 1
66 64 1
66 63 1
66 62 1
66 61 1
66 60 1
66 55 1
66 54 1
66 53 1
66 44 1
66 42 1
66 40 1
66 33 1
66 30 1
66 27 1
66 22 1
66 18 1
66 14 1
66 11 1
66 6 1
66 1 1
67 80 1
67 93 1
67 106 1
67 119 1
67 78 1
67 89 1
67 100 1
67 111 1
67 122 1
67 133 1
67 68 1
67 69 1
67 70 1
67 71 1
67 79 1
67 91 1
67 103 1
67 115 1
67 127 1
67 139 1
67 66 1
67 65 1
67 64 1
67 63 1
67 62 1
67 61 1
67 60 1
67 56 1
67 55 1
67 54 1
67 45 1
67 43 1
67 41 1
67 34 1
67 31 1
67 28 1
67 23 1
67 19 1
67 15 1
67 7 1
67 2 1
68 81 1
68 94 1
68 107 1
68 79 1
68 90 1
68 101 1
68 112 1
68 123 1
68 134 1
68 69 1
68 70 1
68 71 1
68 80 1
68 92 1
68 104 1
68 116 1
68 128 1
68 140 1
68 67 1
68 66 1
68 65 1
68 64 1
68 63 1
68 62 1
68 61 1
68 60 1
68 57 1
68 56 1
68 55 1
68 46 1
68 44 1
68 42 1
68 35 1
68 32 1
68 29 1
68 20 1
68 16 1
68 8 1
68 3 1
69 82 1
69 95 1
69 80 1
69 91 1
69 102 1
69 113 1
69 124 1
69 135 1
69 70 1
69 71 1
69 81 1
69 93 1
69 105 1
69 117 1
69 129 1
69 141 1
69 68 1
69 67 1
69 66 1
69 65 1
69 64 1
69 63 1
69 62 1
69 61 1
69 60 1
69 58 1
69 57 1
69 56 1
69 47 1
69 45 1
69 43 1
69 33 1
69 30 1
69 21 1
69 17 1
69 9 1
69 4 1
70 83 1
70 81 1
70 92 1
70 103 1
70 114 1
70 125 1
70 136 1
70 71 1
70 82 1
70 94 1
70 106 1
70 118 1
70 130 1
70 142 1
70 69 1
70 68 1
70 67 1
70 66 1
70 65 1
70 64 1
70 63 1
70 62 1
70 61 1
70 60 1
70 59 1
70 58 1
70 57 1
70 46 1
70 44 1
70 34 1
70 31 1
70 22 1
70 18 1
70 10 1
70 5 1
71 82 1
71 93 1
71 104 1
71 115 1
71 126 1
71 137 1
71 83 1
71 95 1
71 107 1
71 119 1
71 131 1
71 143 1
71 70 1
71 69 1
71 68 1
71 67 1
71 66 1
71 65 1
71 64 1
71 63 1
71 62 1
71 61 1
71 60 1
71 59 1
71 58 1
71 47 1
71 45 1
71 35 1
71 32 1
71 23 1
71 19 1
71 11 1
71 6 1
72 85 1
72 98 1
72 111 1
72 124 1
72 137 1
72 73 1
72 74 1
72 75 1
72 76 1
72 77 1
72 78 1
72 79 1
72 80 1
72 81 1
72 82 1
72 83 1
72 84 1
72 96 1
72 108 1
72 120 1
72 132 1
72 61 1
72 60 1
72 50 1
72 48 1
72 39 1
72 36 1
72 28 1
72 24 1
72 17 1
72 12 1
72 6 1
72 0 1
73 86 1
73 99 1
73 112 1
73 125 1
73 138 1
73 84 1
73 74 1
73 75 1
73 76 1
73 77 1
73 78 1
73 79 1
73 80 1
73 81 1
73 82 1
73 83 1
73 85 1
73 97 1
73 109 1
73 121 1
73 133 1
73 72 1
73 62 1
73 61 1
73 60 1
73 51 1
73 49 1
73 40 1
73 37 1
73 29 1
73 25 1
73 18 1
73 13 1
73 7 1
73 1 1
74 87 1
74 100 1
74 113 1
74 126 1
74 139 1
74 85 1
74 96 1
74 75 1
74 76 1
74 77 1
74 78 1
74 79 1
74 80 1
74 81 1
74 82 1
74 83 1
74 86 1
74 98 1
74 110 1
74 122 1
74 134 1
74 73 1
74 72 1
74 63 1
74 62 1
74 61 1
74 52 1
74 50 1
74 48 1
74 41 1
74 38 1
74 30 1
74 26 1
74 19 1
74 14 1
74 8 1
74 2 1
75 88 1
75 101 1
75 114 1
75 127 1
75 140 1
75 86 1
75 97 1
75 108 1
75 76 1
75 77 1
75 78 1
75 79 1
75 80 1
75 81 1
75 82 1
75 83 1
75 87 1
75 99 1
75 111 1
75 123 1
75 135 1
75 74 1
75 73 1
75 72 1
75 64 1
75 63 1
75 62 1
75 53 1
75 51 1
75 49 1
75 42 1
75 39 1
75 36 1
75 31 1
75 27 1
75 20 1
75 15 1
75 9 1
75 3 1
76 89 1
76 102 1
76 115 1
76 128 1
76 141 1
76 87 1
76 98 1
76 109 1
76 120 1
76 77 1
76 78 1
76 79 1
76 80 1
76 81 1
76 82 1
76 83 1
76 88 1
76 100 1
76 112 1
76 124 1
76 136 1
76 75 1
76 74 1
76 73 1
76 72 1
76 65 1
76 64 1
76 63 1
76 54 1
76 52 1
76 50 1
76 43 1
76 40 1
76 37 1
76 32 1
76 28 1
76 24 1
76 21 1
76 16 1
76 10 1
76 4 1
77 90 1
77 103 1
77 116 1
77 129 1
77 142 1
77 88 1
77 99 1
77 110 1
77 121 1
77 132 1
77 78 1
77 79 1
77 80 1
77 81 1
77 82 1
77 83 1
77 89 1
77 101 1
77 113 1
77 125 1
77 137 1
77 76 1
77 75 1
77 74 1
77 73 1
77 72 1
77 66 1
77 65 1
77 64 1
77 55 1
77 53 1
77 51 1
77 44 1
77 41 1
77 38 1
77 33 1
77 29 1
77 25 1
77 22 1
77 17 1
77 12 1
77 11 1
77 5 1
78 91 1
78 104 1
78 117 1
78 130 1
78 143 1
78 89 1
78 100 1
78 111 1
78 122 1
78 133 1
78 79 1
78 80 1
78 81 1
78 82 1
78 83 1
78 90 1
78 102 1
78 114 1
78 126 1
78 138 1
78 77 1
78 76 1
78 75 1
78 74 1
78 73 1
78 72 1
78 67 1
78 66 1
78 65 1
78 56 1
78 54 1
78 52 1
78 45 1
78 42 1
78 39 1
78 34 1
78 30 1
78 26 1
78 23 1
78 18 1
78 13 1
78 6 1
78 0 1
79 92 1
79 105 1
79 118 1
79 131 1
79 90 1
79 101 1
79 112 1
79 123 1
79 134 1
79 80 1
79 81 1
79 82 1
79 83 1
79 91 1
79 103 1
79 115 1
79 127 1
79 139 1
79 78 1
79 77 1
79 76 1
79 75 1
79 74 1
79 73 1
79 72 1
79 68 1
79 67 1
79 66 1
79 57 1
79 55 1
79 53 1
79 46 1
79 43 1
79 40 1
79 35 1
79 31 1
79 27 1
79 19 1
79 14 1
79 7 1
79 1 1
80 93 1
80 106 1
80 119 1
80 91 1
80 102 1
80 113 1
80 124 1
80 135 1
80 81 1
80 82 1
80 83 1
80 92 1
80 104 1
80 116 1
80 128 1
80 140 1
80 79 1
80 78 1
80 77 1
80 76 1
80 75 1
80 74 1
80 73 1
80 72 1
80 69 1
80 68 1
80 67 1
80 58 1
80 56 1
80 54 1
80 47 1
80 44 1
80 41 1
80 32 1
80 28 1
80 20 1
80 15 1
80 8 1
80 2 1
81 94 1
81 107 1
81 92 1
81 103 1
81 114 1
81 125 1
81 136 1
81 82 1
81 83 1
81 93 1
81 105 1
81 117 1
81 129 1
81 141 1
81 80 1
81 79 1
81 78 1
81 77 1
81 76 1
81 75 1
81 74 1
81 73 1
81 72 1
81 70 1
81 69 1
81 68 1
81 59 1
81 57 1
81 55 1
81 45 1
81 42 1
81 33 1
81 29 1
81 21 1
81 16 1
81 9 1
81 3 1
82 95 1
82 93 1
82 104 1
82 115 1
82 126 1
82 137 1
82 83 1
82 94 1
82 106 1
82 118 1
82 130 1
82 142 1
82 81 1
82 80 1
82 79 1
82 78 1
82 77 1
82 76 1
82 75 1
82 74 1
82 73 1
82 72 1
82 71 1
82 70 1
82 69 1
82 58 1
82 56 1
82 46 1
82 43 1
82 34 1
82 30 1
82 22 1
82 17 1
82 10 1
82 4 1
83 94 1
83 105 1
83 116 1
83 127 1
83 138 1
83 95 1
83 107 1
83 119 1
83 131 1
83 143 1
83 82 1
83 81 1
83 80 1
83 79 1
83 78 1
83 77 1
83 76 1
83 75 1
83 74 1
83 73 1
83 72 1
83 71 1
83 70 1
83 59 1
83 57 1
83 47 1
83 44 1
83 35 1
83 31 1
83 23 1
83 18 1
83 11 1
83 5 1
84 97 1
84 110 1
84 123 1
84 136 1
84 85 1
84 86 1
84 87 1
84 88 1
84 89 1
84 90 1
84 91 1
84 92 1
84 93 1
84 94 1
84 95 1
84 96 1
84 108 1
84 120 1
84 132 1
84 73 1
84 72 1
84 62 1
84 60 1
84 51 1
84 48 1
84 40 1
84 36 1
84 29 1
84 24 1
84 18 1
84 12 1
84 7 1
84 0 1
85 98 1
85 111 1
85 124 1
85 137 1
85 96 1
85 86 1
85 87 1
85 88 1
85 89 1
85 90 1
85 91 1
85 92 1
85 93 1
85 94 1
85 95 1
85 97 1
85 109 1
85 121 1
85 133 1
85 84 1
85 74 1
85 73 1
85 72 1
85 63 1
85 61 1
85 52 1
85 49 1
85 41 1
85 37 1
85 30 1
85 25 1
85 19 1
85 13 1
85 8 1
85 1 1
86 99 1
86 112 1
86 125 1
86 138 1
86 97 1
86 108 1
86 87 1
86 88 1
86 89 1
86 90 1
86 91 1
86 92 1
86 93 1
86 94 1
86 95 1
86 98 1
86 110 1
86 122 1
86 134 1
86 85 1
86 84 1
86 75 1
86 74 1
86 73 1
86 64 1
86 62 1
86 60 1
86 53 1
86 50 1
86 42 1
86 38 1
86 31 1
86 26 1
86 20 1
86 14 1
86 9 1
86 2 1
87 100 1
87 113 1
87 126 1
87 139 1
87 98 1
87 109 1
87 120 1
87 88 1
87 89 1
87 90 1
87 91 1
87 92 1
87 93 1
87 94 1
87 95 1
87 99 1
87 111 1
87 123 1
87 135 1
87 86 1
87 85 1
87 84 1
87 76 1
87 75 1
87 74 1
87 65 1
87 63 1
87 61 1
87 54 1
87 51 1
87 48 1
87 43 1
87 39 1
87 32 1
87 27 1
87 21 1
87 15 1
87 10 1
87 3 1
88 101 1
88 114 1
88 127 1
88 140 1
88 99 1
88 110 1
88 121 1
88 132 1
88 89 1
88 90 1
88 91 1
88 92 1
88 93 1
88 94 1
88 95 1
88 100 1
88 112 1
88 124 1
88 136 1
88 87 1
88 86 1
88 85 1
88 84 1
88 77 1
88 76 1
88 75 1
88 66 1
88 64 1
88 62 1
88 55 1
88 52 1
88 49 1
88 44 1
88 40 1
88 36 1
88 33 1
88 28 1
88 22 1
88 16 1
88 11 1
88 4 1
89 102 1
89 115 1
89 128 1
89 141 1
89 100 1
89 111 1
89 122 1
89 133 1
89 90 1
89 91 1
89 92 1
89 93 1
89 94 1
89 95 1
89 101 1
89 113 1
89 125 1
89 137 1
89 88 1
89 87 1
89 86 1
89 85 1
89 84 1
89 78 1
89 77 1
89 76 1
89 67 1
89 65 1
89 63 1
89 56 1
89 53 1
89 50 1
89 45 1
89 41 1
89 37 1
89 34 1
89 29 1
89 24 1
89 23 1
89 17 1
89 5 1
90 103 1
90 116 1
90 129 1
90 142 1
90 101 1
90 112 1
90 123 1
90 134 1
90 91 1
90 92 1
90 93 1
90 94 1
90 95 1
90 102 1
90 114 1
90 126 1
90 138 1
90 89 1
90 88 1
90 87 1
90 86 1
90 85 1
90 84 1
90 79 1
90 78 1
90 77 1
90 68 1
90 66 1
90 64 1
90 57 1
90 54 1
90 51 1
90 46 1
90 42 1
90 38 1
90 35 1
90 30 1
90 25 1
90 18 1
90 12 1
90 6 1
91 104 1
91 117 1
91 130 1
91 143 1
91 102 1
91 113 1
91 124 1
91 135 1
91 92 1
91 93 1
91 94 1
91 95 1
91 103 1
91 115 1
91 127 1
91 139 1
91 90 1
91 89 1
91 88 1
91 87 1
91 86 1
91 85 1
91 84 1
91 80 1
91 79 1
91 78 1
91 69 1
91 67 1
91 65 1
91 58 1
91 55 1
91 52 1
91 47 1
91 43 1
91 39 1
91 31 1
91 26 1
91 19 1
91 13 1
91 7 1
91 0 1
92 105 1
92 118 1
92 131 1
92 103 1
92 114 1
92 125 1
92 136 1
92 93 1
92 94 1
92 95 1
92 104 1
92 116 1
92 128 1
92 140 1
92 91 1
92 90 1
92 89 1
92 88 1
92 87 1
92 86 1
92 85 1
92 84 1
92 81 1
92 80 1
92 79 1
92 70 1
92 68 1
92 66 1
92 59 1
92 56 1
92 53 1
92 44 1
92 40 1
92 32 1
92 27 1
92 20 1
92 14 1
92 8 1
92 1 1
93 106 1
93 119 1
93 104 1
93 115 1
93 126 1
93 137 1
93 94 1
93 95 1
93 105 1
93 117 1
93 129 1
93 141 1
93 92 1
93 91 1
93 90 1
93 89 1
93 88 1
93 87 1
93 86 1
93 85 1
93 84 1
93 82 1
93 81 1
93 80 1
93 71 1
93 69 1
93 67 1
93 57 1
93 54 1
93 45 1
93 41 1
93 33 1
93 28 1
93 21 1
93 15 1
93 9 1
93 2 1
94 107 1
94 105 1
94 116 1
94 127 1
94 138 1
94 95 1
94 106 1
94 118 1
94 130 1
94 142 1
94 93 1
94 92 1
94 91 1
94 90 1
94 89 1
94 88 1
94 87 1
94 86 1
94 85 1
94 84 1
94 83 1
94 82 1
94 81 1
94 70 1
94 68 1
94 58 1
94 55 1
94 46 1
94 42 1
94 34 1
94 29 1
94 22 1
94 16 1
94 10 1
94 3 1
95 106 1
95 117 1
95 128 1
95 139 1
95 107 1
95 119 1
95 131 1
95 143 1
95 94 1
95 93 1
95 92 1
95 91 1
95 90 1
95 89 1
95 88 1
95 87 1
95 86 1
95 85 1
95 84 1
95 83 1
95 82 1
95 71 1
95 69 1
95 59 1
95 56 1
95 47 1
95 43 1
95 35 1
95 30 1
95 23 1
95 17 1
95 11 1
95 4 1
96 109 1
96 122 1
96 135 1
96 97 1
96 98 1
96 99 1
96 100 1
96 101 1
96 102 1
96 103 1
96 104 1
96 105 1
96 106 1
96 107 1
96 108 1
96 120 1
96 132 1
96 85 1
96 84 1
96 74 1
96 72 1
96 63 1
96 60 1
96 52 1
96 48 1
96 41 1
96 36 1
96 30 1
96 24 1
96 19 1
96 12 1
96 8 1
96 0 1
97 110 1
97 123 1
97 136 1
97 108 1
97 98 1
97 99 1
97 100 1
97 101 1
97 102 1
97 103 1
97 104 1
97 105 1
97 106 1
97 107 1
97 109 1
97 121 1
97 133 1
97 96 1
97 86 1
97 85 1
97 84 1
97 75 1
97 73 1
97 64 1
97 61 1
97 53 1
97 49 1
97 42 1
97 37 1
97 31 1
97 25 1
97 20 1
97 13 1
97 9 1
97 1 1
98 111 1
98 124 1
98 137 1
98 109 1
98 120 1
98 99 1
98 100 1
98 101 1
98 102 1
98 103 1
98 104 1
98 105 1
98 106 1
98 107 1
98 110 1
98 122 1
98 134 1
98 97 1
98 96 1
98 87 1
98 86 1
98 85 1
98 76 1
98 74 1
98 72 1
98 65 1
98 62 1
98 54 1
98 50 1
98 43 1
98 38 1
98 32 1
98 26 1
98 21 1
98 14 1
98 10 1
98 2 1
99 112 1
99 125 1
99 138 1
99 110 1
99 121 1
99 132 1
99 100 1
99 101 1
99 102 1
99 103 1
99 104 1
99 105 1
99 106 1
99 107 1
99 111 1
99 123 1
99 135 1
99 98 1
99 97 1
99 96 1
99 88 1
99 87 1
99 86 1
99 77 1
99 75 1
99 73 1
99 66 1
99 63 1
99 60 1
99 55 1
99 51 1
99 44 1
99 39 1
99 33 1
99 27 1
99 22 1
99 15 1
99 11 1
99 3 1
100 113 1
100 126 1
100 139 1
100 111 1
100 122 1
100 133 1
100 101 1
100 102 1
100 103 1
100 104 1
100 105 1
100 106 1
100 107 1
100 112 1
100 124 1
100 136 1
100 99 1
100 98 1
100 97 1
100 96 1
100 89 1
100 88 1
100 87 1
100 78 1
100 76 1
100 74 1
100 67 1
100 64 1
100 61 1
100 56 1
100 52 1
100 48 1
100 45 1
100 40 1
100 34 1
100 28 1
100 23 1
100 16 1
100 4 1
101 114 1
101 127 1
101 140 1
101 112 1
101 123 1
101 134 1
101 102 1
101 103 1
101 104 1
101 105 1
101 106 1
101 107 1
101 113 1
101 125 1
101 137 1
101 100 1
101 99 1
101 98 1
101 97 1
101 96 1
101 90 1
101 89 1
101 88 1
101 79 1
101 77 1
101 75 1
101 68 1
101 65 1
101 62 1
101 57 1
101 53 1
101 49 1
101 46 1
101 41 1
101 36 1
101 35 1
101 29 1
101 17 1
101 5 1
102 115 1
102 128 1
102 141 1
102 113 1
102 124 1
102 135 1
102 103 1
102 104 1
102 105 1
102 106 1
102 107 1
102 114 1
102 126 1
102 138 1
102 101 1
102 100 1
102 99 1
102 98 1
102 97 1
102 96 1
102 91 1
102 90 1
102 89 1
102 80 1
102 78 1
102 76 1
102 69 1
102 66 1
102 63 1
102 58 1
102 54 1
102 50 1
102 47 1
102 42 1
102 37 1
102 30 1
102 24 1
102 18 1
102 6 1
103 116 1
103 129 1
103 142 1
103 114 1
103 125 1
103 136 1
103 104 1
103 105 1
103 106 1
103 107 1
103 115 1
103 127 1
103 139 1
103 102 1
103 101 1
103 100 1
103 99 1
103 98 1
103 97 1
103 96 1
103 92 1
103 91 1
103 90 1
103 81 1
103 79 1
103 77 1
103 70 1
103 67 1
103 64 1
103 59 1
103 55 1
103 51 1
103 43 1
103 38 1
103 31 1
103 25 1
103 19 1
103 12 1
103 7 1
104 117 1
104 130 1
104 143 1
104 115 1
104 126 1
104 137 1
104 105 1
104 106 1
104 107 1
104 116 1
104 128 1
104 140 1
104 103 1
104 102 1
104 101 1
104 100 1
104 99 1
104 98 1
104 97 1
104 96 1
104 93 1
104 92 1
104 91 1
104 82 1
104 80 1
104 78 1
104 71 1
104 68 1
104 65 1
104 56 1
104 52 1
104 44 1
104 39 1
104 32 1
104 26 1
104 20 1
104 13 1
104 8 1
104 0 1
105 118 1
105 131 1
105 116 1
105 127 1
105 138 1
105 106 1
105 107 1
105 117 1
105 129 1
105 141 1
105 104 1
105 103 1
105 102 1
105 101 1
105 100 1
105 99 1
105 98 1
105 97 1
105 96 1
105 94 1
105 93 1
105 92 1
105 83 1
105 81 1
105 79 1
105 69 1
105 66 1
105 57 1
105 53 1
105 45 1
105 40 1
105 33 1
105 27 1
105 21 1
105 14 1
105 9 1
105 1 1
106 119 1
106 117 1
106 128 1
106 139 1
106 107 1
106 118 1
106 130 1
106 142 1
106 105 1
106 104 1
106 103 1
106 102 1
106 101 1
106 100 1
106 99 1
106 98 1
106 97 1
106 96 1
106 95 1
106 94 1
106 93 1
106 82 1
106 80 1
106 70 1
106 67 1
106 58 1
106 54 1
106 46 1
106 41 1
106 34 1
106 28 1
106 22 1
106 15 1
106 10 1
106 2 1
107 118 1
107 129 1
107 140 1
107 119 1
107 131 1
107 143 1
107 106 1
107 105 1
107 104 1
107 103 1
107 102 1
107 101 1
107 100 1
107 99 1
107 98 1
107 97 1
107 96 1
107 95 1
107 94 1
107 83 1
107 81 1
107 71 1
107 68 1
107 59 1
107 55 1
107 47 1
107 42 1
107 35 1
107 29 1
107 23 1
107 16 1
107 11 1
107 3 1
108 121 1
108 134 1
108 109 1
108 110 1
108 111 1
108 112 1
108 113 1
108 114 1
108 115 1
108 116 1
108 117 1
108 118 1
108 119 1
108 120 1
108 132 1
108 97 1
108 96 1
108 86 1
108 84 1
108 75 1
108 72 1
108 64 1
108 60 1
108 53 1
108 48 1
108 42 1
108 36 1
108 31 1
108 24 1
108 20 1
108 12 1
108 9 1
108 0 1
109 122 1
109 135 1
109 120 1
109 110 1
109 111 1
109 112 1
109 113 1
109 114 1
109 115 1
109 116 1
109 117 1
109 118 1
109 119 1
109 121 1
109 133 1
109 108 1
109 98 1
109 97 1
109 96 1
109 87 1
109 85 1
109 76 1
109 73 1
109 65 1
109 61 1
109 54 1
109 49 1
109 43 1
109 37 1
109 32 1
109 25 1
109 21 1
109 13 1
109 10 1
109 1 1
110 123 1
110 136 1
110 121 1
110 132 1
110 111 1
110 112 1
110 113 1
110 114 1
110 115 1
110 116 1
110 117 1
110 118 1
110 119 1
110 122 1
110 134 1
110 109 1
110 108 1
110 99 1
110 98 1
110 97 1
110 88 1
110 86 1
110 84 1
110 77 1
110 74 1
110 66 1
110 62 1
110 55 1
110 50 1
110 44 1
110 38 1
110 33 1
110 26 1
110 22 1
110 14 1
110 11 1
110 2 1
111 124 1
111 137 1
111 122 1
111 133 1
111 112 1
111 113 1
111 114 1
111 115 1
111 116 1
111 117 1
111 118 1
111 119 1
111 123 1
111 135 1
111 110 1
111 109 1
111 108 1
111 100 1
111 99 1
111 98 1
111 89 1
111 87 1
111 85 1
111 78 1
111 75 1
111 72 1
111 67 1
111 63 1
111 56 1
111 51 1
111 45 1
111 39 1
111 34 1
111 27 1
111 23 1
111 15 1
111 3 1
112 125 1
112 138 1
112 123 1
112 134 1
112 113 1
112 114 1
112 115 1
112 116 1
112 117 1
112 118 1
112 119 1
112 124 1
112 136 1
112 111 1
112 110 1
112 109 1
112 108 1
112 101 1
112 100 1
112 99 1
112 90 1
112 88 1
112 86 1
112 79 1
112 76 1
112 73 1
112 68 1
112 64 1
112 60 1
112 57 1
112 52 1
112 46 1
112 40 1
112 35 1
112 28 1
112 16 1
112 4 1
113 126 1
113 139 1
113 124 1
113 135 1
113 114 1
113 115 1
113 116 1
113 117 1
113 118 1
113 119 1
113 125 1
113 137 1
113 112 1
113 111 1
113 110 1
113 109 1
113 108 1
113 102 1
113 101 1
113 100 1
113 91 1
113 89 1
113 87 1
113 80 1
113 77 1
113 74 1
113 69 1
113 65 1
113 61 1
113 58 1
113 53 1
113 48 1
113 47 1
113 41 1
113 29 1
113 17 1
113 5 1
114 127 1
114 140 1
114 125 1
114 136 1
114 115 1
114 116 1
114 117 1
114 118 1
114 119 1
114 126 1
114 138 1
114 113 1
114 112 1
114 111 1
114 110 1
114 109 1
114 108 1
114 103 1
114 102 1
114 101 1
114 92 1
114 90 1
114 88 1
114 81 1
114 78 1
114 75 1
114 70 1
114 66 1
114 62 1
114 59 1
114 54 1
114 49 1
114 42 1
114 36 1
114 30 1
114 18 1
114 6 1
115 128 1
115 141 1
115 126 1
115 137 1
115 116 1
115 117 1
115 118 1
115 119 1
115 127 1
115 139 1
115 114 1
115 113 1
115 112 1
115 111 1
115 110 1
115 109 1
115 108 1
115 104 1
115 103 1
115 102 1
115 93 1
115 91 1
115 89 1
115 82 1
115 79 1
115 76 1
115 71 1
115 67 1
115 63 1
115 55 1
115 50 1
115 43 1
115 37 1
115 31 1
115 24 1
115 19 1
115 7 1
116 129 1
116 142 1
116 127 1
116 138 1
116 117 1
116 118 1
116 119 1
116 128 1
116 140 1
116 115 1
116 114 1
116 113 1
116 112 1
116 111 1
116 110 1
116 109 1
116 108 1
116 105 1
116 104 1
116 103 1
116 94 1
116 92 1
116 90 1
116 83 1
116 80 1
116 77 1
116 68 1
116 64 1
116 56 1
116 51 1
116 44 1
116 38 1
116 32 1
116 25 1
116 20 1
116 12 1
116 8 1
117 130 1
117 143 1
117 128 1
117 139 1
117 118 1
117 119 1
117 129 1
117 141 1
117 116 1
117 115 1
117 114 1
117 113 1
117 112 1
117 111 1
117 110 1
117 109 1
117 108 1
117 106 1
117 105 1
117 104 1
117 95 1
117 93 1
117 91 1
117 81 1
117 78 1
117 69 1
117 65 1
117 57 1
117 52 1
117 45 1
117 39 1
117 33 1
117 26 1
117 21 1
117 13 1
117 9 1
117 0 1
118 131 1
118 129 1
118 140 1
118 119 1
118 130 1
118 142 1
118 117 1
118 116 1
118 115 1
118 114 1
118 113 1
118 112 1
118 111 1
118 110 1
118 109 1
118 108 1
118 107 1
118 106 1
118 105 1
118 94 1
118 92 1
118 82 1
118 79 1
118 70 1
118 66 1
118 58 1
118 53 1
118 46 1
118 40 1
118 34 1
118 27 1
118 22 1
118 14 1
118 10 1
118 1 1
119 130 1
119 141 1
119 131 1
119 143 1
119 118 1
119 117 1
119 116 1
119 115 1
119 114 1
119 113 1
119 112 1
119 111 1
119 110 1
119 109 1
119 108 1
119 107 1
119 106 1
119 95 1
119 93 1
119 83 1
119 80 1
119 71 1
119 67 1
119 59 1
119 54 1
119 47 1
119 41 1
119 35 1
119 28 1
119 23 1
119 15 1
119 11 1
119 2 1
120 133 1
120 121 1
120 122 1
120 123 1
120 124 1
120 125 1
120 126 1
120 127 1
120 128 1
120 129 1
120 130 1
120 131 1
120 132 1
120 109 1
120 108 1
120 98 1
120 96 1
120 87 1
120 84 1
120 76 1
120 72 1
120 65 1
120 60 1
120 54 1
120 48 1
120 43 1
120 36 1
120 32 1
120 24 1
120 21 1
120 12 1
120 10 1
120 0 1
121 134 1
121 132 1
121 122 1
121 123 1
121 124 1
121 125 1
121 126 1
121 127 1
121 128 1
121 129 1
121 130 1
121 131 1
121 133 1
121 120 1
121 110 1
121 109 1
121 108 1
121 99 1
121 97 1
121 88 1
121 85 1
121 77 1
121 73 1
121 66 1
121 61 1
121 55 1
121 49 1
121 44 1
121 37 1
121 33 1
121 25 1
121 22 1
121 13 1
121 11 1
121 1 1
122 135 1
122 133 1
122 123 1
122 124 1
122 125 1
122 126 1
122 127 1
122 128 1
122 129 1
122 130 1
122 131 1
122 134 1
122 121 1
122 120 1
122 111 1
122 110 1
122 109 1
122 100 1
122 98 1
122 96 1
122 89 1
122 86 1
122 78 1
122 74 1
122 67 1
122 62 1
122 56 1
122 50 1
122 45 1
122 38 1
122 34 1
122 26 1
122 23 1
122 14 1
122 2 1
123 136 1
123 134 1
123 124 1
123 125 1
123 126 1
123 127 1
123 128 1
123 129 1
123 130 1
123 131 1
123 135 1
123 122 1
123 121 1
123 120 1
123 112 1
123 111 1
123 110 1
123 101 1
123 99 1
123 97 1
123 90 1
123 87 1
123 84 1
123 79 1
123 75 1
123 68 1
123 63 1
123 57 1
123 51 1
123 46 1
123 39 1
123 35 1
123 27 1
123 15 1
123 3 1
124 137 1
124 135 1
124 125 1
124 126 1
124 127 1
124 128 1
124 129 1
124 130 1
124 131 1
124 136 1
124 123 1
124 122 1
124 121 1
124 120 1
124 113 1
124 112 1
124 111 1
124 102 1
124 100 1
124 98 1
124 91 1
124 88 1
124 85 1
124 80 1
124 76 1
124 72 1
124 69 1
124 64 1
124 58 1
124 52 1
124 47 1
124 40 1
124 28 1
124 16 1
124 4 1
125 138 1
125 136 1
125 126 1
125 127 1
125 128 1
125 129 1
125 130 1
125 131 1
125 137 1
125 124 1
125 123 1
125 122 1
125 121 1
125 120 1
125 114 1
125 113 1
125 112 1
125 103 1
125 101 1
125 99 1
125 92 1
125 89 1
125 86 1
125 81 1
125 77 1
125 73 1
125 70 1
125 65 1
125 60 1
125 59 1
125 53 1
125 41 1
125 29 1
125 17 1
125 5 1
126 139 1
126 137 1
126 127 1
126 128 1
126 129 1
126 130 1
126 131 1
126 138 1
126 125 1
126 124 1
126 123 1
126 122 1
126 121 1
126 120 1
126 115 1
126 114 1
126 113 1
126 104 1
126 102 1
126 100 1
126 93 1
126 90 1
126 87 1
126 82 1
126 78 1
126 74 1
126 71 1
126 66 1
126 61 1
126 54 1
126 48 1
126 42 1
126 30 1
126 18 1
126 6 1
127 140 1
127 138 1
127 128 1
127 129 1
127 130 1
127 131 1
127 139 1
127 126 1
127 125 1
127 124 1
127 123 1
127 122 1
127 121 1
127 120 1
127 116 1
127 115 1
127 114 1
127 105 1
127 103 1
127 101 1
127 94 1
127 91 1
127 88 1
127 83 1
127 79 1
127 75 1
127 67 1
127 62 1
127 55 1
127 49 1
127 43 1
127 36 1
127 31 1
127 19 1
127 7 1
128 141 1
128 139 1
128 129 1
128 130 1
128 131 1
128 140 1
128 127 1
128 126 1
128 125 1
128 124 1
128 123 1
128 122 1
128 121 1
128 120 1
128 117 1
128 116 1
128 115 1
128 106 1
128 104 1
128 102 1
128 95 1
128 92 1
128 89 1
128 80 1
128 76 1
128 68 1
128 63 1
128 56 1
128 50 1
128 44 1
128 37 1
128 32 1
128 24 1
128 20 1
128 8 1
129 142 1
129 140 1
129 130 1
129 131 1
129 141 1
129 128 1
129 127 1
129 126 1
129 125 1
129 124 1
129 123 1
129 122 1
129 121 1
129 120 1
129 118 1
129 117 1
129 116 1
129 107 1
129 105 1
129 103 1
129 93 1
129 90 1
129 81 1
129 77 1
129 69 1
129 64 1
129 57 1
129 51 1
129 45 1
129 38 1
129 33 1
129 25 1
129 21 1
129 12 1
129 9 1
130 143 1
130 141 1
130 131 1
130 142 1
130 129 1
130 128 1
130 127 1
130 126 1
130 125 1
130 124 1
130 123 1
130 122 1
130 121 1
130 120 1
130 119 1
130 118 1
130 117 1
130 106 1
130 104 1
130 94 1
130 91 1
130 82 1
130 78 1
130 70 1
130 65 1
130 58 1
130 52 1
130 46 1
130 39 1
130 34 1
130 26 1
130 22 1
130 13 1
130 10 1
130 0 1
131 142 1
131 143 1
131 130 1
131 129 1
131 128 1
131 127 1
131 126 1
131 125 1
131 124 1
131 123 1
131 122 1
131 121 1
131 120 1
131 119 1
131 118 1
131 107 1
131 105 1
131 95 1
131 92 1
131 83 1
131 79 1
131 71 1
131 66 1
131 59 1
131 53 1
131 47 1
131 40 1
131 35 1
131 27 1
131 23 1
131 14 1
131 11 1
131 1 1
132 133 1
132 134 1
132 135 1
132 136 1
132 137 1
132 138 1
132 139 1
132 140 1
132 141 1
132 142 1
132 143 1
132 121 1
132 120 1
132 110 1
132 108 1
132 99 1
132 96 1
132 88 1
132 84 1
132 77 1
132 72 1
132 66 1
132 60 1
132 55 1
132 48 1
132 44 1
132 36 1
132 33 1
132 24 1
132 22 1
132 12 1
132 11 1
132 0 1
133 134 1
133 135 1
133 136 1
133 137 1
133 138 1
133 139 1
133 140 1
133 141 1
133 142 1
133 143 1
133 132 1
133 122 1
133 121 1
133 120 1
133 111 1
133 109 1
133 100 1
133 97 1
133 89 1
133 85 1
133 78 1
133 73 1
133 67 1
133 61 1
133 56 1
133 49 1
133 45 1
133 37 1
133 34 1
133 25 1
133 23 1
133 13 1
133 1 1
134 135 1
134 136 1
134 137 1
134 138 1
134 139 1
134 140 1
134 141 1
134 142 1
134 143 1
134 133 1
134 132 1
134 123 1
134 122 1
134 121 1
134 112 1
134 110 1
134 108 1
134 101 1
134 98 1
134 90 1
134 86 1
134 79 1
134 74 1
134 68 1
134 62 1
134 57 1
134 50 1
134 46 1
134 38 1
134 35 1
134 26 1
134 14 1
134 2 1
135 136 1
135 137 1
135 138 1
135 139 1
135 140 1
135 141 1
135 142 1
135 143 1
135 134 1
135 133 1
135 132 1
135 124 1
135 123 1
135 122 1
135 113 1
135 111 1
135 109 1
135 102 1
135 99 1
135 96 1
135 91 1
135 87 1
135 80 1
135 75 1
135 69 1
135 63 1
135 58 1
135 51 1
135 47 1
135 39 1
135 27 1
135 15 1
135 3 1
136 137 1
136 138 1
136 139 1
136 140 1
136 141 1
136 142 1
136 143 1
136 135 1
136 134 1
136 133 1
136 132 1
136 125 1
136 124 1
136 123 1
136 114 1
136 112 1
136 110 1
136 103 1
136 100 1
136 97 1
136 92 1
136 88 1
136 84 1
136 81 1
136 76 1
136 70 1
136 64 1
136 59 1
136 52 1
136 40 1
136 28 1
136 16 1
136 4 1
137 138 1
137 139 1
137 140 1
137 141 1
137 142 1
137 143 1
137 136 1
137 135 1
137 134 1
137 133 1
137 132 1
137 126 1
137 125 1
137 124 1
137 115 1
137 113 1
137 111 1
137 104 1
137 101 1
137 98 1
137 93 1
137 89 1
137 85 1
137 82 1
137 77 1
137 72 1
137 71 1
137 65 1
137 53 1
137 41 1
137 29 1
137 17 1
137 5 1
138 139 1
138 140 1
138 141 1
138 142 1
138 143 1
138 137 1
138 136 1
138 135 1
138 134 1
138 133 1
138 132 1
138 127 1
138 126 1
138 125 1
138 116 1
138 114 1
138 112 1
138 105 1
138 102 1
138 99 1
138 94 1
138 90 1
138 86 1
138 83 1
138 78 1
138 73 1
138 66 1
138 60 1
138 54 1
138 42 1
138 30 1
138 18 1
138 6 1
139 140 1
139 141 1
139 142 1
139 143 1
139 138 1
139 137 1
139 136 1
139 135 1
139 134 1
139 133 1
139 132 1
139 128 1
139 127 1
139 126 1
139 117 1
139 115 1
139 113 1
139 106 1
139 103 1
139 100 1
139 95 1
139 91 1
139 87 1
139 79 1
139 74 1
139 67 1
139 61 1
139 55 1
139 48 1
139 43 1
139 31 1
139 19 1
139 7 1
140 141 1
140 142 1
140 143 1
140 139 1
140 138 1
140 137 1
140 136 1
140 135 1
140 134 1
140 133 1
140 132 1
140 129 1
140 128 1
140 127 1
140 118 1
140 116 1
140 114 1
140 107 1
140 104 1
140 101 1
140 92 1
140 88 1
140 80 1
140 75 1
140 68 1
140 62 1
140 56 1
140 49 1
140 44 1
140 36 1
140 32 1
140 20 1
140 8 1
141 142 1
141 143 1
141 140 1
141 139 1
141 138 1
141 137 1
141 136 1
141 135 1
141 134 1
141 133 1
141 132 1
141 130 1
141 129 1
141 128 1
141 119 1
141 117 1
141 115 1
141 105 1
141 102 1
141 93 1
141 89 1
141 81 1
141 76 1
141 69 1
141 63 1
141 57 1
141 50 1
141 45 1
141 37 1
141 33 1
141 24 1
141 21 1
141 9 1
142 143 1
142 141 1
142 140 1
142 139 1
142 138 1
142 137 1
142 136 1
142 135 1
142 134 1
142 133 1
142 132 1
142 131 1
142 130 1
142 129 1
142 118 1
142 116 1
142 106 1
142 103 1
142 94 1
142 90 1
142 82 1
142 77 1
142 70 1
142 64 1
142 58 1
142 51 1
142 46 1
142 38 1
142 34 1
142 25 1
142 22 1
142 12 1
142 10 1
143 142 1
143 141 1
143 140 1
143 139 1
143 138 1
143 137 1
143 136 1
143 135 1
143 134 1
143 133 1
143 132 1
143 131 1
143 130 1
143 119 1
143 117 1
143 107 1
143 104 1
143 95 1
143 91 1
143 83 1
143 78 1
143 71 1
143 65 1
143 59 1
143 52 1
143 47 1
143 39 1
143 35 1
143 26 1
143 23 1
143 13 1
143 11 1
143 0 1
;
end;